100.0 29.3
200.0 25.1
300.0 25.0
400.0 22.3
500.0 23.8
600.0 24.1
700.0 21.6
800.0 23.6
900.0 23.4
1000.0 22.0
1100.0 21.9
1200.0 22.4
1300.0 23.3
1400.0 21.2
1500.0 22.2
1600.0 23.7
1700.0 21.1
1800.0 21.2
1900.0 23.3
2000.0 24.9
2100.0 20.5
2200.0 22.1
2300.0 21.4
2400.0 23.4
2500.0 22.5
2600.0 23.1
2700.0 24.7
2800.0 24.0
2900.0 24.6
3000.0 23.4
3100.0 21.1
3200.0 21.3
3300.0 23.1
3400.0 23.9
3500.0 22.7
3600.0 24.5
3700.0 24.4
3800.0 20.8
3900.0 22.6
4000.0 23.7
4100.0 23.9
4200.0 24.3
4300.0 23.5
4400.0 24.4
4500.0 23.3
4600.0 22.6
4700.0 21.2
4800.0 23.2
4900.0 25.5
5000.0 23.2
5100.0 22.7
5200.0 21.5
5300.0 24.6
5400.0 20.4
5500.0 23.5
5600.0 24.0
5700.0 24.0
5800.0 21.5
5900.0 20.8
6000.0 22.5
6100.0 24.2
6200.0 25.9
6300.0 23.9
6400.0 25.2
6500.0 23.3
6600.0 23.8
6700.0 22.3
6800.0 22.2
6900.0 22.9
7000.0 24.5
7100.0 22.1
7200.0 20.6
7300.0 22.8
7400.0 23.2
7500.0 24.6
7600.0 22.9
7700.0 23.1
7800.0 22.6
7900.0 21.7
8000.0 19.5
8100.0 21.4
8200.0 21.1
8300.0 23.4
8400.0 21.8
8500.0 22.9
8600.0 24.0
8700.0 18.7
8800.0 23.6
8900.0 23.5
9000.0 19.1
9100.0 24.2
9200.0 24.4
9300.0 26.0
9400.0 23.6
9500.0 22.6
9600.0 24.0
9700.0 23.9
9800.0 22.4
9900.0 17.9
10000.0 22.7
10100.0 22.7
10200.0 23.7
10300.0 24.6
10400.0 23.4
10500.0 24.2
10600.0 23.8
10700.0 22.2
10800.0 21.3
10900.0 22.2
11000.0 22.0
11100.0 20.4
11200.0 22.6
11300.0 21.3
11400.0 21.7
11500.0 23.1
11600.0 20.5
11700.0 22.7
11800.0 21.5
11900.0 21.8
12000.0 20.0
12100.0 21.3
12200.0 21.8
12300.0 22.9
12400.0 23.8
12500.0 24.6
12600.0 22.7
12700.0 21.4
12800.0 23.9
12900.0 23.3
13000.0 22.4
13100.0 22.5
13200.0 23.3
13300.0 23.9
13400.0 21.5
13500.0 22.3
13600.0 22.1
13700.0 21.2
13800.0 23.6
13900.0 23.9
14000.0 21.9
14100.0 20.7
14200.0 24.2
14300.0 23.9
14400.0 22.4
14500.0 24.2
14600.0 22.7
14700.0 21.4
14800.0 23.4
14900.0 22.4
15000.0 21.7
15100.0 21.0
15200.0 21.5
15300.0 23.7
15400.0 21.2
15500.0 20.9
15600.0 20.9
15700.0 22.8
15800.0 23.5
15900.0 19.8
16000.0 20.0
16100.0 20.3
16200.0 20.5
16300.0 19.3
16400.0 22.9
16500.0 22.2
16600.0 24.0
16700.0 22.6
16800.0 22.1
16900.0 24.1
17000.0 21.2
17100.0 19.1
17200.0 22.8
17300.0 21.6
17400.0 23.0
17500.0 22.7
17600.0 22.2
17700.0 19.9
17800.0 22.0
17900.0 23.4
18000.0 19.3
18100.0 19.6
18200.0 20.6
18300.0 20.9
18400.0 21.2
18500.0 22.8
18600.0 22.4
18700.0 22.5
18800.0 22.2
18900.0 22.0
19000.0 21.0
19100.0 21.5
19200.0 22.1
19300.0 24.3
19400.0 21.0
19500.0 22.5
19600.0 24.4
19700.0 21.7
19800.0 23.1
19900.0 23.1
20000.0 21.8
20100.0 22.5
20200.0 24.0
20300.0 22.6
20400.0 24.7
20500.0 22.7
20600.0 21.5
20700.0 23.4
20800.0 22.5
20900.0 22.9
21000.0 20.9
21100.0 20.8
21200.0 21.3
21300.0 21.0
21400.0 21.4
21500.0 23.8
21600.0 24.9
21700.0 26.1
21800.0 23.5
21900.0 21.1
22000.0 22.2
22100.0 24.3
22200.0 24.5
22300.0 21.4
22400.0 22.7
22500.0 20.2
22600.0 22.3
22700.0 19.2
22800.0 19.7
22900.0 20.9
23000.0 21.8
23100.0 23.3
23200.0 21.9
23300.0 21.7
23400.0 21.6
23500.0 22.7
23600.0 24.3
23700.0 20.5
23800.0 19.4
23900.0 19.9
24000.0 23.1
24100.0 21.7
24200.0 20.0
24300.0 22.4
24400.0 20.4
24500.0 21.2
24600.0 21.8
24700.0 21.3
24800.0 24.5
24900.0 22.1
25000.0 22.9
25100.0 22.7
25200.0 22.8
25300.0 20.9
25400.0 22.4
25500.0 20.7
25600.0 20.4
25700.0 21.9
25800.0 22.8
25900.0 23.1
26000.0 23.0
26100.0 22.3
26200.0 23.2
26300.0 20.4
26400.0 21.4
26500.0 19.2
26600.0 21.7
26700.0 23.5
26800.0 23.6
26900.0 21.3
27000.0 22.4
27100.0 21.8
27200.0 21.9
27300.0 22.2
27400.0 23.4
27500.0 23.0
27600.0 24.5
27700.0 23.8
27800.0 20.9
27900.0 21.3
28000.0 22.1
28100.0 22.9
28200.0 20.7
28300.0 20.2
28400.0 21.6
28500.0 22.3
28600.0 19.7
28700.0 21.9
28800.0 22.5
28900.0 21.0
29000.0 21.8
29100.0 21.1
29200.0 22.1
29300.0 22.0
29400.0 21.9
29500.0 22.4
29600.0 23.5
29700.0 21.8
29800.0 19.8
29900.0 20.4
30000.0 22.6
30100.0 19.8
30200.0 18.9
30300.0 21.4
30400.0 21.6
30500.0 23.0
30600.0 23.4
30700.0 20.0
30800.0 21.9
30900.0 22.9
31000.0 20.7
31100.0 24.3
31200.0 22.6
31300.0 21.1
31400.0 21.9
31500.0 22.4
31600.0 18.8
31700.0 22.2
31800.0 22.8
31900.0 21.6
32000.0 21.2
32100.0 21.3
32200.0 22.3
32300.0 20.3
32400.0 19.8
32500.0 21.6
32600.0 19.6
32700.0 20.5
32800.0 22.7
32900.0 21.5
33000.0 19.7
33100.0 20.4
33200.0 20.8
33300.0 21.6
33400.0 20.6
33500.0 19.9
33600.0 21.3
33700.0 21.8
33800.0 20.8
33900.0 20.0
34000.0 20.8
34100.0 21.8
34200.0 21.1
34300.0 22.0
34400.0 22.5
34500.0 21.1
34600.0 20.2
34700.0 23.2
34800.0 20.4
34900.0 20.2
35000.0 20.9
35100.0 21.3
35200.0 24.3
35300.0 21.6
35400.0 22.5
35500.0 24.6
35600.0 22.0
35700.0 22.1
35800.0 20.1
35900.0 20.6
36000.0 22.3
36100.0 19.7
36200.0 19.7
36300.0 21.5
36400.0 17.9
36500.0 18.7
36600.0 19.9
36700.0 18.3
36800.0 19.2
36900.0 18.5
37000.0 18.4
37100.0 23.8
37200.0 22.2
37300.0 22.1
37400.0 22.2
37500.0 20.0
37600.0 20.5
37700.0 21.1
37800.0 20.6
37900.0 19.1
38000.0 18.9
38100.0 21.2
38200.0 22.6
38300.0 19.3
38400.0 21.3
38500.0 20.1
38600.0 21.1
38700.0 20.4
38800.0 19.9
38900.0 19.0
39000.0 17.9
39100.0 18.5
39200.0 20.1
39300.0 19.3
39400.0 21.3
39500.0 20.0
39600.0 20.8
39700.0 21.8
39800.0 20.5
39900.0 22.3
40000.0 21.0
40100.0 20.4
40200.0 20.2
40300.0 17.8
40400.0 20.8
40500.0 20.3
40600.0 20.4
40700.0 20.4
40800.0 19.7
40900.0 20.3
41000.0 17.3
41100.0 20.4
41200.0 20.2
41300.0 18.3
41400.0 16.5
41500.0 18.1
41600.0 19.8
41700.0 19.9
41800.0 19.9
41900.0 19.2
42000.0 19.4
42100.0 19.2
42200.0 19.8
42300.0 18.8
42400.0 18.4
42500.0 18.9
42600.0 20.5
42700.0 20.8
42800.0 19.0
42900.0 21.1
43000.0 19.2
43100.0 19.0
43200.0 17.3
43300.0 19.1
43400.0 19.6
43500.0 20.3
43600.0 19.0
43700.0 20.3
43800.0 19.6
43900.0 21.0
44000.0 21.5
44100.0 21.9
44200.0 21.4
44300.0 21.5
44400.0 20.7
44500.0 18.3
44600.0 18.7
44700.0 21.1
44800.0 19.4
44900.0 18.3
45000.0 19.7
45100.0 20.1
45200.0 18.3
45300.0 18.9
45400.0 20.6
45500.0 20.1
45600.0 20.9
45700.0 23.1
45800.0 19.7
45900.0 19.4
46000.0 20.6
46100.0 18.2
46200.0 20.5
46300.0 19.2
46400.0 20.0
46500.0 20.7
46600.0 19.5
46700.0 20.9
46800.0 18.5
46900.0 19.3
47000.0 19.8
47100.0 20.0
47200.0 19.1
47300.0 18.3
47400.0 20.8
47500.0 20.6
47600.0 20.0
47700.0 19.3
47800.0 22.2
47900.0 21.3
48000.0 20.9
48100.0 18.9
48200.0 17.8
48300.0 20.1
48400.0 19.0
48500.0 17.7
48600.0 20.2
48700.0 20.2
48800.0 19.8
48900.0 21.2
49000.0 16.6
49100.0 18.3
49200.0 18.2
49300.0 19.8
49400.0 17.3
49500.0 17.1
49600.0 19.0
49700.0 20.2
49800.0 19.2
49900.0 18.5
50000.0 18.3
50100.0 19.1
50200.0 19.3
50300.0 19.4
50400.0 20.0
50500.0 20.7
50600.0 19.8
50700.0 18.4
50800.0 18.7
50900.0 18.9
51000.0 19.6
51100.0 20.1
51200.0 17.4
51300.0 17.9
51400.0 16.6
51500.0 16.6
51600.0 17.0
51700.0 17.3
51800.0 19.4
51900.0 17.9
52000.0 18.7
52100.0 16.4
52200.0 17.9
52300.0 19.5
52400.0 21.3
52500.0 20.0
52600.0 20.4
52700.0 19.8
52800.0 20.2
52900.0 19.7
53000.0 19.5
53100.0 21.1
53200.0 17.9
53300.0 19.5
53400.0 19.1
53500.0 19.7
53600.0 19.0
53700.0 20.9
53800.0 19.5
53900.0 20.1
54000.0 20.7
54100.0 19.0
54200.0 17.9
54300.0 17.6
54400.0 17.8
54500.0 16.8
54600.0 14.8
54700.0 18.7
54800.0 18.0
54900.0 15.8
55000.0 17.3
55100.0 17.9
55200.0 17.8
55300.0 18.4
55400.0 16.5
55500.0 16.9
55600.0 18.0
55700.0 17.1
55800.0 18.1
55900.0 18.3
56000.0 20.2
56100.0 20.1
56200.0 20.1
56300.0 19.4
56400.0 18.5
56500.0 17.6
56600.0 18.5
56700.0 17.3
56800.0 19.5
56900.0 18.0
57000.0 17.1
57100.0 19.3
57200.0 17.2
57300.0 18.1
57400.0 17.6
57500.0 18.3
57600.0 18.7
57700.0 18.9
57800.0 18.3
57900.0 19.3
58000.0 19.4
58100.0 18.2
58200.0 16.8
58300.0 16.8
58400.0 17.3
58500.0 16.3
58600.0 19.7
58700.0 18.7
58800.0 19.5
58900.0 17.9
59000.0 19.4
59100.0 18.8
59200.0 18.9
59300.0 18.2
59400.0 18.0
59500.0 16.3
59600.0 18.6
59700.0 19.0
59800.0 18.6
59900.0 18.3
60000.0 18.4
60100.0 18.3
60200.0 18.3
60300.0 17.9
60400.0 21.1
60500.0 17.6
60600.0 16.7
60700.0 17.8
60800.0 19.3
60900.0 18.8
61000.0 17.3
61100.0 17.7
61200.0 17.3
61300.0 16.6
61400.0 19.8
61500.0 17.3
61600.0 16.9
61700.0 18.5
61800.0 16.9
61900.0 18.0
62000.0 18.5
62100.0 17.3
62200.0 18.6
62300.0 18.0
62400.0 16.5
62500.0 16.7
62600.0 16.6
62700.0 18.8
62800.0 16.7
62900.0 18.5
63000.0 19.5
63100.0 19.1
63200.0 18.1
63300.0 18.3
63400.0 18.1
63500.0 17.6
63600.0 17.4
63700.0 17.8
63800.0 19.5
63900.0 18.1
64000.0 18.1
64100.0 18.1
64200.0 18.9
64300.0 18.6
64400.0 18.1
64500.0 17.5
64600.0 17.6
64700.0 18.4
64800.0 17.1
64900.0 16.8
65000.0 17.4
65100.0 16.8
65200.0 15.8
65300.0 16.6
65400.0 15.3
65500.0 16.3
65600.0 17.9
65700.0 16.9
65800.0 15.5
65900.0 16.8
66000.0 16.6
66100.0 16.7
66200.0 16.3
66300.0 17.0
66400.0 16.3
66500.0 17.2
66600.0 16.3
66700.0 15.6
66800.0 15.6
66900.0 16.1
67000.0 14.3
67100.0 15.4
67200.0 14.5
67300.0 17.2
67400.0 17.7
67500.0 17.7
67600.0 16.8
67700.0 16.7
67800.0 16.7
67900.0 16.0
68000.0 15.4
68100.0 17.9
68200.0 17.7
68300.0 17.7
68400.0 16.9
68500.0 16.3
68600.0 16.6
68700.0 16.0
68800.0 14.9
68900.0 13.6
69000.0 14.8
69100.0 14.7
69200.0 14.4
69300.0 15.0
69400.0 16.0
69500.0 16.1
69600.0 17.1
69700.0 17.5
69800.0 17.5
69900.0 16.3
70000.0 16.0
70100.0 14.4
70200.0 15.1
70300.0 16.7
70400.0 16.5
70500.0 16.3
70600.0 15.3
70700.0 14.6
70800.0 17.7
70900.0 17.6
71000.0 14.9
71100.0 18.0
71200.0 17.2
71300.0 17.7
71400.0 17.8
71500.0 16.4
71600.0 14.4
71700.0 15.0
71800.0 13.9
71900.0 15.8
72000.0 16.8
72100.0 16.7
72200.0 17.6
72300.0 15.8
72400.0 15.9
72500.0 17.2
72600.0 15.9
72700.0 16.4
72800.0 17.4
72900.0 16.8
73000.0 16.9
73100.0 16.5
73200.0 16.7
73300.0 15.7
73400.0 18.2
73500.0 16.8
73600.0 17.6
73700.0 16.3
73800.0 15.4
73900.0 17.4
74000.0 16.7
74100.0 17.3
74200.0 17.8
74300.0 17.3
74400.0 15.6
74500.0 14.5
74600.0 15.1
74700.0 15.3
74800.0 15.5
74900.0 16.9
75000.0 17.8
75100.0 16.9
75200.0 14.6
75300.0 15.4
75400.0 15.3
75500.0 15.4
75600.0 15.5
75700.0 14.6
75800.0 15.2
75900.0 15.0
76000.0 15.5
76100.0 14.7
76200.0 16.5
76300.0 15.9
76400.0 16.6
76500.0 16.5
76600.0 15.8
76700.0 15.7
76800.0 14.6
76900.0 13.7
77000.0 13.2
77100.0 15.5
77200.0 15.9
77300.0 16.4
77400.0 15.6
77500.0 14.5
77600.0 15.3
77700.0 15.6
77800.0 16.9
77900.0 16.7
78000.0 15.2
78100.0 16.3
78200.0 15.6
78300.0 17.5
78400.0 16.2
78500.0 15.0
78600.0 14.6
78700.0 15.4
78800.0 16.4
78900.0 17.6
79000.0 15.9
79100.0 15.0
79200.0 14.4
79300.0 14.1
79400.0 13.5
79500.0 15.0
79600.0 14.1
79700.0 13.4
79800.0 12.2
79900.0 13.1
80000.0 13.8
80100.0 14.7
80200.0 14.2
80300.0 14.5
80400.0 15.3
80500.0 13.2
80600.0 12.9
80700.0 15.4
80800.0 14.2
80900.0 15.5
81000.0 15.3
81100.0 14.5
81200.0 14.9
81300.0 14.9
81400.0 16.4
81500.0 16.0
81600.0 15.3
81700.0 16.2
81800.0 15.2
81900.0 15.3
82000.0 14.2
82100.0 13.5
82200.0 13.9
82300.0 14.6
82400.0 14.1
82500.0 15.2
82600.0 13.8
82700.0 13.8
82800.0 13.7
82900.0 14.3
83000.0 14.9
83100.0 15.2
83200.0 12.5
83300.0 15.6
83400.0 15.0
83500.0 13.6
83600.0 14.3
83700.0 13.1
83800.0 13.7
83900.0 15.0
84000.0 15.5
84100.0 15.1
84200.0 16.7
84300.0 13.9
84400.0 16.5
84500.0 15.1
84600.0 15.7
84700.0 13.8
84800.0 15.1
84900.0 13.7
85000.0 15.6
85100.0 14.5
85200.0 14.0
85300.0 13.3
85400.0 14.2
85500.0 14.4
85600.0 13.8
85700.0 13.5
85800.0 13.5
85900.0 14.0
86000.0 14.7
86100.0 13.4
86200.0 13.8
86300.0 13.2
86400.0 11.9
86500.0 13.5
86600.0 14.0
86700.0 13.3
86800.0 14.2
86900.0 13.6
87000.0 14.4
87100.0 13.6
87200.0 12.4
87300.0 14.4
87400.0 13.8
87500.0 13.3
87600.0 13.3
87700.0 13.3
87800.0 15.5
87900.0 14.6
88000.0 15.2
88100.0 15.0
88200.0 14.1
88300.0 14.6
88400.0 15.7
88500.0 13.5
88600.0 12.6
88700.0 14.4
88800.0 15.2
88900.0 14.4
89000.0 14.0
89100.0 13.9
89200.0 13.5
89300.0 14.4
89400.0 14.4
89500.0 14.1
89600.0 14.4
89700.0 14.0
89800.0 13.7
89900.0 14.9
90000.0 12.9
90100.0 13.3
90200.0 14.1
90300.0 14.0
90400.0 13.9
90500.0 13.4
90600.0 14.7
90700.0 14.7
90800.0 13.7
90900.0 13.8
91000.0 13.7
91100.0 13.6
91200.0 12.8
91300.0 12.3
91400.0 12.6
91500.0 12.8
91600.0 13.2
91700.0 12.7
91800.0 12.4
91900.0 12.6
92000.0 13.3
92100.0 13.9
92200.0 12.2
92300.0 12.6
92400.0 12.8
92500.0 11.7
92600.0 13.6
92700.0 12.5
92800.0 11.4
92900.0 14.0
93000.0 14.2
93100.0 12.2
93200.0 12.7
93300.0 12.4
93400.0 12.1
93500.0 12.3
93600.0 11.6
93700.0 12.3
93800.0 13.3
93900.0 13.2
94000.0 13.2
94100.0 12.3
94200.0 12.5
94300.0 10.8
94400.0 12.6
94500.0 11.6
94600.0 10.6
94700.0 10.5
94800.0 10.0
94900.0 12.2
95000.0 10.8
95100.0 11.3
95200.0 12.4
95300.0 11.7
95400.0 12.9
95500.0 13.4
95600.0 11.9
95700.0 12.7
95800.0 12.9
95900.0 13.7
96000.0 12.7
96100.0 12.8
96200.0 11.4
96300.0 13.3
96400.0 13.1
96500.0 12.8
96600.0 13.2
96700.0 12.9
96800.0 11.6
96900.0 12.4
97000.0 12.6
97100.0 13.5
97200.0 13.1
97300.0 12.8
97400.0 12.6
97500.0 12.6
97600.0 13.0
97700.0 12.9
97800.0 13.0
97900.0 12.3
98000.0 11.1
98100.0 11.3
98200.0 11.7
98300.0 12.4
98400.0 11.1
98500.0 11.1
98600.0 10.6
98700.0 11.9
98800.0 11.4
98900.0 10.6
99000.0 12.0
99100.0 12.3
99200.0 11.1
99300.0 11.0
99400.0 12.3
99500.0 11.2
99600.0 11.6
99700.0 11.1
99800.0 11.1
99900.0 9.2
100000.0 10.9
100100.0 10.4
100200.0 11.4
100300.0 11.7
100400.0 10.8
100500.0 11.9
100600.0 12.3
100700.0 11.6
100800.0 10.5
100900.0 10.9
101000.0 10.9
101100.0 11.0
101200.0 10.3
101300.0 11.5
101400.0 10.4
101500.0 11.1
101600.0 11.6
101700.0 11.4
101800.0 10.8
101900.0 10.1
102000.0 8.9
102100.0 9.2
102200.0 8.8
102300.0 9.0
102400.0 9.4
102500.0 11.2
102600.0 11.5
102700.0 9.7
102800.0 9.1
102900.0 9.1
103000.0 9.2
103100.0 10.0
103200.0 9.7
103300.0 10.3
103400.0 10.8
103500.0 9.0
103600.0 10.4
103700.0 11.6
103800.0 12.4
103900.0 11.9
104000.0 9.9
104100.0 10.4
104200.0 9.8
104300.0 10.5
104400.0 10.4
104500.0 11.4
104600.0 10.7
104700.0 11.0
104800.0 10.8
104900.0 10.7
105000.0 12.3
105100.0 11.2
105200.0 11.6
105300.0 11.7
105400.0 11.0
105500.0 11.0
105600.0 11.5
105700.0 9.5
105800.0 10.3
105900.0 11.0
106000.0 10.5
106100.0 11.5
106200.0 11.5
106300.0 10.7
106400.0 11.6
106500.0 11.4
106600.0 10.3
106700.0 10.1
106800.0 10.4
106900.0 11.9
107000.0 11.5
107100.0 11.0
107200.0 10.9
107300.0 11.0
107400.0 9.6
107500.0 9.8
107600.0 9.3
107700.0 11.0
107800.0 10.6
107900.0 10.2
108000.0 9.5
108100.0 9.9
108200.0 9.8
108300.0 10.2
108400.0 10.6
108500.0 10.0
108600.0 9.5
108700.0 9.5
108800.0 10.1
108900.0 10.4
109000.0 9.6
109100.0 10.6
109200.0 10.2
109300.0 10.3
109400.0 9.2
109500.0 10.2
109600.0 9.3
109700.0 9.5
109800.0 10.9
109900.0 9.2
110000.0 9.5
110100.0 10.1
110200.0 10.5
110300.0 9.6
110400.0 9.8
110500.0 10.3
110600.0 11.4
110700.0 10.2
110800.0 9.4
110900.0 10.0
111000.0 8.8
111100.0 9.7
111200.0 10.4
111300.0 9.9
111400.0 10.3
111500.0 10.6
111600.0 10.4
111700.0 11.2
111800.0 10.4
111900.0 11.0
112000.0 10.6
112100.0 8.9
112200.0 8.8
112300.0 9.4
112400.0 10.5
112500.0 10.6
112600.0 10.1
112700.0 10.2
112800.0 9.4
112900.0 8.9
113000.0 8.5
113100.0 8.2
113200.0 7.8
113300.0 8.1
113400.0 10.0
113500.0 8.8
113600.0 9.8
113700.0 9.3
113800.0 10.9
113900.0 11.3
114000.0 10.9
114100.0 11.3
114200.0 10.0
114300.0 11.4
114400.0 10.7
114500.0 10.4
114600.0 9.4
114700.0 9.4
114800.0 8.4
114900.0 7.9
115000.0 7.9
115100.0 8.1
115200.0 8.3
115300.0 8.4
115400.0 9.6
115500.0 8.5
115600.0 10.2
115700.0 9.6
115800.0 8.3
115900.0 9.1
116000.0 7.9
116100.0 8.4
116200.0 8.2
116300.0 8.4
116400.0 8.7
116500.0 8.1
116600.0 8.8
116700.0 8.2
116800.0 7.8
116900.0 7.5
117000.0 8.0
117100.0 8.1
117200.0 8.1
117300.0 8.8
117400.0 9.1
117500.0 8.4
117600.0 8.5
117700.0 8.0
117800.0 8.1
117900.0 8.4
118000.0 8.2
118100.0 8.5
118200.0 6.6
118300.0 6.3
118400.0 6.8
118500.0 7.6
118600.0 7.7
118700.0 7.6
118800.0 8.5
118900.0 8.9
119000.0 9.3
119100.0 9.0
119200.0 8.7
119300.0 7.9
119400.0 7.4
119500.0 8.3
119600.0 8.0
119700.0 8.2
119800.0 7.7
119900.0 8.3
120000.0 7.9
120100.0 8.4
120200.0 8.1
120300.0 8.1
120400.0 9.3
120500.0 9.7
120600.0 9.3
120700.0 8.4
120800.0 8.8
120900.0 9.5
121000.0 9.0
121100.0 9.7
121200.0 8.3
121300.0 7.8
121400.0 7.5
121500.0 8.1
121600.0 8.0
121700.0 7.7
121800.0 7.4
121900.0 7.1
122000.0 6.9
122100.0 6.7
122200.0 7.2
122300.0 7.0
122400.0 5.8
122500.0 7.7
122600.0 7.3
122700.0 7.3
122800.0 6.2
122900.0 7.3
123000.0 7.3
123100.0 6.6
123200.0 7.1
123300.0 7.9
123400.0 8.2
123500.0 7.2
123600.0 7.8
123700.0 7.9
123800.0 6.5
123900.0 6.4
124000.0 7.3
124100.0 7.2
124200.0 8.3
124300.0 7.3
124400.0 7.2
124500.0 6.7
124600.0 6.9
124700.0 6.0
124800.0 6.4
124900.0 7.2
125000.0 6.4
125100.0 6.0
125200.0 7.0
125300.0 6.7
125400.0 6.7
125500.0 6.8
125600.0 7.3
125700.0 8.4
125800.0 7.5
125900.0 8.1
126000.0 7.1
126100.0 6.8
126200.0 7.6
126300.0 7.6
126400.0 7.4
126500.0 7.7
126600.0 7.9
126700.0 7.0
126800.0 6.8
126900.0 7.2
127000.0 7.6
127100.0 6.3
127200.0 6.5
127300.0 8.2
127400.0 8.7
127500.0 9.2
127600.0 7.5
127700.0 8.1
127800.0 7.9
127900.0 8.7
128000.0 8.4
128100.0 7.8
128200.0 6.3
128300.0 6.7
128400.0 7.3
128500.0 7.0
128600.0 6.7
128700.0 6.9
128800.0 7.4
128900.0 7.9
129000.0 7.5
129100.0 7.1
129200.0 7.1
129300.0 7.5
129400.0 7.4
129500.0 7.9
129600.0 7.9
129700.0 6.5
129800.0 6.0
129900.0 6.6
130000.0 7.1
130100.0 6.4
130200.0 6.1
130300.0 6.2
130400.0 7.2
130500.0 7.7
130600.0 6.8
130700.0 6.5
130800.0 6.3
130900.0 6.3
131000.0 6.3
131100.0 6.7
131200.0 6.2
131300.0 6.9
131400.0 7.4
131500.0 7.8
131600.0 6.8
131700.0 6.8
131800.0 7.5
131900.0 6.6
132000.0 6.9
132100.0 7.4
132200.0 6.9
132300.0 6.1
132400.0 7.3
132500.0 6.5
132600.0 6.8
132700.0 7.2
132800.0 7.5
132900.0 6.9
133000.0 7.1
133100.0 6.8
133200.0 6.8
133300.0 7.1
133400.0 6.2
133500.0 6.7
133600.0 7.7
133700.0 7.8
133800.0 6.1
133900.0 7.1
134000.0 6.3
134100.0 6.8
134200.0 6.8
134300.0 6.6
134400.0 6.0
134500.0 7.2
134600.0 6.9
134700.0 6.2
134800.0 6.8
134900.0 6.6
135000.0 5.8
135100.0 6.2
135200.0 6.2
135300.0 5.7
135400.0 7.0
135500.0 6.4
135600.0 6.2
135700.0 6.2
135800.0 6.2
135900.0 6.5
136000.0 5.8
136100.0 5.3
136200.0 4.1
136300.0 4.7
136400.0 4.4
136500.0 4.7
136600.0 5.2
136700.0 5.1
136800.0 5.3
136900.0 6.3
137000.0 5.5
137100.0 5.2
137200.0 5.4
137300.0 5.7
137400.0 5.5
137500.0 6.1
137600.0 5.0
137700.0 4.8
137800.0 4.3
137900.0 4.5
138000.0 4.1
138100.0 3.9
138200.0 4.7
138300.0 5.4
138400.0 5.6
138500.0 5.9
138600.0 5.3
138700.0 6.0
138800.0 5.6
138900.0 5.9
139000.0 6.3
139100.0 4.9
139200.0 5.5
139300.0 5.8
139400.0 5.2
139500.0 5.1
139600.0 5.2
139700.0 5.2
139800.0 5.7
139900.0 4.9
140000.0 4.9
140100.0 5.4
140200.0 5.4
140300.0 4.5
140400.0 4.4
140500.0 4.3
140600.0 4.1
140700.0 3.9
140800.0 5.1
140900.0 5.0
141000.0 4.5
141100.0 5.6
141200.0 4.6
141300.0 5.2
141400.0 4.5
141500.0 4.8
141600.0 4.8
141700.0 4.2
141800.0 4.2
141900.0 4.9
142000.0 4.6
142100.0 4.3
142200.0 4.1
142300.0 4.1
142400.0 4.4
142500.0 5.3
142600.0 4.8
142700.0 4.1
142800.0 4.4
142900.0 4.6
143000.0 4.4
143100.0 4.9
143200.0 4.8
143300.0 5.9
143400.0 5.2
143500.0 5.7
143600.0 5.0
143700.0 5.5
143800.0 6.1
143900.0 5.6
144000.0 6.0
144100.0 5.2
144200.0 5.5
144300.0 4.7
144400.0 4.6
144500.0 4.8
144600.0 4.8
144700.0 4.4
144800.0 5.2
144900.0 5.3
145000.0 4.7
145100.0 4.7
145200.0 5.3
145300.0 5.1
145400.0 4.9
145500.0 4.8
145600.0 5.0
145700.0 4.9
145800.0 4.5
145900.0 4.2
146000.0 4.3
146100.0 5.7
146200.0 5.0
146300.0 5.3
146400.0 5.2
146500.0 4.5
146600.0 4.2
146700.0 4.3
146800.0 5.6
146900.0 5.5
147000.0 5.4
147100.0 4.6
147200.0 4.4
147300.0 4.5
147400.0 5.1
147500.0 5.2
147600.0 5.6
147700.0 5.6
147800.0 5.5
147900.0 5.2
148000.0 4.9
148100.0 4.4
148200.0 5.0
148300.0 4.8
148400.0 4.9
148500.0 4.1
148600.0 4.5
148700.0 4.8
148800.0 5.0
148900.0 4.9
149000.0 5.0
149100.0 5.4
149200.0 4.8
149300.0 4.3
149400.0 3.9
149500.0 4.9
149600.0 4.2
149700.0 4.5
149800.0 4.3
149900.0 4.7
150000.0 4.8
150100.0 4.1
150200.0 4.1
150300.0 4.3
150400.0 3.7
150500.0 4.1
150600.0 3.5
150700.0 3.5
150800.0 3.5
150900.0 3.1
151000.0 3.4
151100.0 3.3
151200.0 3.7
151300.0 3.3
151400.0 3.7
151500.0 3.5
151600.0 3.3
151700.0 4.0
151800.0 3.9
151900.0 3.9
152000.0 3.9
152100.0 3.3
152200.0 2.8
152300.0 3.2
152400.0 3.2
152500.0 2.8
152600.0 3.6
152700.0 3.5
152800.0 3.0
152900.0 3.3
153000.0 3.8
153100.0 3.1
153200.0 3.2
153300.0 3.7
153400.0 4.2
153500.0 4.3
153600.0 3.7
153700.0 4.0
153800.0 3.8
153900.0 3.0
154000.0 3.1
154100.0 3.5
154200.0 3.3
154300.0 3.8
154400.0 3.5
154500.0 3.8
154600.0 4.1
154700.0 4.1
154800.0 4.2
154900.0 4.6
155000.0 3.9
155100.0 4.1
155200.0 3.6
155300.0 3.8
155400.0 3.7
155500.0 3.7
155600.0 3.2
155700.0 2.9
155800.0 2.9
155900.0 2.7
156000.0 3.2
156100.0 3.2
156200.0 3.9
156300.0 3.7
156400.0 3.3
156500.0 4.0
156600.0 4.3
156700.0 3.6
156800.0 3.7
156900.0 3.9
157000.0 3.9
157100.0 3.8
157200.0 4.1
157300.0 4.2
157400.0 3.8
157500.0 4.2
157600.0 3.8
157700.0 4.3
157800.0 3.7
157900.0 3.6
158000.0 3.6
158100.0 3.4
158200.0 3.2
158300.0 3.4
158400.0 3.2
158500.0 2.6
158600.0 2.5
158700.0 2.7
158800.0 2.8
158900.0 2.9
159000.0 2.8
159100.0 3.1
159200.0 3.2
159300.0 3.6
159400.0 3.1
159500.0 3.0
159600.0 2.5
159700.0 3.0
159800.0 3.2
159900.0 3.2
160000.0 3.1
160100.0 2.5
160200.0 3.0
160300.0 2.8
160400.0 3.1
160500.0 2.5
160600.0 2.8
160700.0 2.5
160800.0 3.0
160900.0 3.2
161000.0 3.7
161100.0 2.6
161200.0 2.5
161300.0 2.9
161400.0 2.9
161500.0 2.7
161600.0 2.6
161700.0 2.5
161800.0 2.5
161900.0 2.9
162000.0 3.0
162100.0 3.3
162200.0 2.7
162300.0 3.0
162400.0 2.6
162500.0 2.6
162600.0 3.0
162700.0 2.7
162800.0 2.7
162900.0 2.7
163000.0 3.0
163100.0 3.3
163200.0 3.1
163300.0 2.9
163400.0 2.4
163500.0 2.4
163600.0 2.4
163700.0 3.2
163800.0 3.4
163900.0 3.0
164000.0 2.5
164100.0 2.2
164200.0 2.0
164300.0 2.1
164400.0 2.0
164500.0 2.2
164600.0 2.0
164700.0 2.0
164800.0 2.0
164900.0 2.2
165000.0 2.4
165100.0 2.3
165200.0 2.3
165300.0 2.6
165400.0 2.4
165500.0 2.4
165600.0 2.9
165700.0 2.5
165800.0 2.5
165900.0 2.7
166000.0 2.3
166100.0 2.2
166200.0 2.5
166300.0 2.5
166400.0 3.1
166500.0 2.6
166600.0 2.8
166700.0 3.3
166800.0 3.1
166900.0 3.1
167000.0 2.9
167100.0 3.4
167200.0 2.7
167300.0 2.6
167400.0 2.5
167500.0 2.7
167600.0 2.7
167700.0 2.1
167800.0 2.1
167900.0 1.8
168000.0 1.8
168100.0 2.1
168200.0 1.9
168300.0 2.2
168400.0 2.0
168500.0 1.8
168600.0 2.3
168700.0 2.0
168800.0 2.2
168900.0 1.7
169000.0 1.8
169100.0 2.5
169200.0 1.9
169300.0 1.5
169400.0 1.7
169500.0 1.8
169600.0 1.6
169700.0 1.8
169800.0 1.6
169900.0 1.8
170000.0 1.9
170100.0 2.4
170200.0 2.1
170300.0 2.2
170400.0 2.4
170500.0 1.8
170600.0 2.0
170700.0 1.8
170800.0 1.8
170900.0 1.4
171000.0 1.2
171100.0 1.4
171200.0 1.5
171300.0 1.3
171400.0 1.2
171500.0 1.5
171600.0 1.8
171700.0 1.6
171800.0 1.6
171900.0 1.7
172000.0 2.0
172100.0 1.9
172200.0 2.2
172300.0 2.1
172400.0 2.0
172500.0 2.0
172600.0 2.0
172700.0 1.8
172800.0 1.7
172900.0 1.3
173000.0 1.2
173100.0 1.5
173200.0 1.8
173300.0 1.3
173400.0 1.2
173500.0 1.2
173600.0 1.2
173700.0 1.1
173800.0 1.3
173900.0 1.6
174000.0 1.5
174100.0 1.4
174200.0 1.6
174300.0 2.0
174400.0 1.9
174500.0 1.9
174600.0 1.7
174700.0 1.7
174800.0 1.7
174900.0 1.6
175000.0 1.5
175100.0 1.8
175200.0 1.6
175300.0 1.5
175400.0 1.4
175500.0 1.8
175600.0 1.6
175700.0 1.4
175800.0 1.6
175900.0 1.3
176000.0 1.6
176100.0 1.9
176200.0 1.7
176300.0 1.8
176400.0 1.9
176500.0 1.7
176600.0 1.9
176700.0 1.8
176800.0 1.9
176900.0 1.4
177000.0 1.4
177100.0 1.4
177200.0 1.7
177300.0 1.8
177400.0 1.6
177500.0 1.7
177600.0 1.8
177700.0 1.5
177800.0 1.4
177900.0 1.4
178000.0 2.0
178100.0 1.5
178200.0 1.7
178300.0 1.7
178400.0 1.4
178500.0 1.5
178600.0 1.5
178700.0 1.6
178800.0 1.3
178900.0 1.7
179000.0 1.8
179100.0 1.7
179200.0 2.1
179300.0 2.0
179400.0 1.5
179500.0 1.5
179600.0 1.4
179700.0 1.7
179800.0 2.0
179900.0 1.8
180000.0 1.7
180100.0 1.8
180200.0 1.7
180300.0 1.7
180400.0 1.5
180500.0 1.3
180600.0 1.3
180700.0 1.2
180800.0 1.2
180900.0 1.3
181000.0 1.2
181100.0 1.5
181200.0 1.4
181300.0 1.3
181400.0 1.4
181500.0 1.4
181600.0 1.5
181700.0 1.7
181800.0 1.4
181900.0 1.3
182000.0 1.4
182100.0 1.5
182200.0 1.3
182300.0 1.5
182400.0 1.6
182500.0 1.4
182600.0 1.4
182700.0 1.3
182800.0 1.6
182900.0 1.6
183000.0 1.5
183100.0 1.5
183200.0 1.4
183300.0 1.7
183400.0 1.4
183500.0 1.5
183600.0 1.6
183700.0 1.8
183800.0 1.8
183900.0 1.7
184000.0 1.5
184100.0 1.4
184200.0 1.5
184300.0 1.6
184400.0 1.4
184500.0 1.4
184600.0 1.6
184700.0 1.4
184800.0 1.6
184900.0 1.4
185000.0 1.7
185100.0 1.5
185200.0 1.4
185300.0 1.1
185400.0 1.1
185500.0 1.5
185600.0 1.7
185700.0 1.7
185800.0 1.6
185900.0 1.4
186000.0 1.8
186100.0 1.8
186200.0 1.5
186300.0 1.6
186400.0 1.5
186500.0 1.4
186600.0 1.3
186700.0 1.3
186800.0 1.2
186900.0 1.2
187000.0 1.2
187100.0 1.2
187200.0 1.1
187300.0 1.3
187400.0 1.0
187500.0 1.0
187600.0 1.1
187700.0 0.9
187800.0 1.3
187900.0 1.3
188000.0 1.2
188100.0 1.4
188200.0 1.3
188300.0 1.3
188400.0 1.3
188500.0 1.3
188600.0 1.6
188700.0 1.2
188800.0 1.0
188900.0 1.2
189000.0 1.1
189100.0 1.1
189200.0 1.4
189300.0 1.5
189400.0 1.4
189500.0 1.1
189600.0 1.2
189700.0 1.1
189800.0 1.3
189900.0 1.4
190000.0 1.0
190100.0 1.0
190200.0 1.1
190300.0 1.2
190400.0 1.3
190500.0 1.2
190600.0 1.1
190700.0 1.1
190800.0 1.0
190900.0 1.1
191000.0 0.9
191100.0 1.0
191200.0 1.0
191300.0 1.0
191400.0 0.9
191500.0 0.9
191600.0 1.1
191700.0 1.0
191800.0 1.0
191900.0 1.0
192000.0 1.1
192100.0 1.1
192200.0 0.8
192300.0 0.8
192400.0 0.8
192500.0 0.8
192600.0 0.9
192700.0 1.0
192800.0 1.2
192900.0 1.3
193000.0 1.2
193100.0 1.1
193200.0 1.0
193300.0 1.1
193400.0 1.1
193500.0 0.8
193600.0 0.9
193700.0 1.4
193800.0 1.2
193900.0 1.0
194000.0 1.0
194100.0 1.1
194200.0 1.2
194300.0 1.2
194400.0 1.1
194500.0 1.2
194600.0 1.1
194700.0 1.0
194800.0 1.1
194900.0 1.1
195000.0 1.2
195100.0 1.5
195200.0 1.5
195300.0 1.5
195400.0 1.4
195500.0 1.2
195600.0 1.2
195700.0 1.3
195800.0 1.3
195900.0 1.5
196000.0 1.3
196100.0 1.2
196200.0 1.2
196300.0 1.2
196400.0 1.2
196500.0 1.3
196600.0 1.1
196700.0 1.1
196800.0 1.2
196900.0 1.3
197000.0 1.1
197100.0 1.2
197200.0 1.1
197300.0 1.0
197400.0 1.0
197500.0 1.1
197600.0 1.3
197700.0 1.2
197800.0 1.1
197900.0 1.1
198000.0 1.0
198100.0 1.1
198200.0 1.1
198300.0 1.1
198400.0 1.0
198500.0 1.2
198600.0 1.1
198700.0 1.2
198800.0 1.1
198900.0 1.2
199000.0 1.1
199100.0 1.3
199200.0 1.2
199300.0 1.1
199400.0 1.3
199500.0 1.3
199600.0 1.5
199700.0 1.2
199800.0 1.1
199900.0 1.1
200000.0 1.0
200100.0 1.0
200200.0 1.1
200300.0 1.2
200400.0 1.2
200500.0 1.1
200600.0 1.1
200700.0 1.0
200800.0 1.1
200900.0 1.0
201000.0 1.1
201100.0 1.0
201200.0 0.8
201300.0 0.7
201400.0 0.7
201500.0 0.8
201600.0 1.1
201700.0 0.9
201800.0 0.8
201900.0 0.8
202000.0 0.7
202100.0 0.8
202200.0 0.7
202300.0 0.8
202400.0 0.7
202500.0 0.9
202600.0 0.8
202700.0 0.8
202800.0 0.7
202900.0 0.7
203000.0 0.7
203100.0 0.7
203200.0 0.9
203300.0 0.9
203400.0 0.9
203500.0 0.8
203600.0 0.7
203700.0 0.7
203800.0 0.8
203900.0 0.9
204000.0 0.9
204100.0 0.9
204200.0 1.0
204300.0 1.1
204400.0 1.1
204500.0 1.0
204600.0 0.9
204700.0 0.9
204800.0 0.8
204900.0 0.9
205000.0 0.9
205100.0 0.8
205200.0 0.9
205300.0 0.9
205400.0 1.0
205500.0 0.9
205600.0 1.2
205700.0 1.2
205800.0 1.1
205900.0 0.9
206000.0 0.8
206100.0 0.8
206200.0 0.9
206300.0 0.9
206400.0 1.0
206500.0 1.1
206600.0 1.2
206700.0 1.0
206800.0 1.0
206900.0 0.9
207000.0 1.0
207100.0 0.9
207200.0 0.9
207300.0 1.0
207400.0 0.9
207500.0 1.0
207600.0 1.0
207700.0 1.0
207800.0 1.0
207900.0 1.1
208000.0 1.0
208100.0 1.1
208200.0 0.9
208300.0 0.8
208400.0 0.8
208500.0 0.8
208600.0 0.9
208700.0 0.9
208800.0 1.1
208900.0 0.9
209000.0 0.9
209100.0 0.9
209200.0 1.0
209300.0 1.0
209400.0 1.0
209500.0 1.0
209600.0 0.9
209700.0 1.0
209800.0 1.0
209900.0 1.1
210000.0 1.1
210100.0 1.0
210200.0 1.0
210300.0 0.9
210400.0 1.0
210500.0 1.0
210600.0 1.1
210700.0 1.0
210800.0 1.0
210900.0 1.1
211000.0 1.0
211100.0 1.0
211200.0 0.9
211300.0 0.9
211400.0 0.9
211500.0 0.9
211600.0 0.9
211700.0 1.0
211800.0 1.1
211900.0 1.1
212000.0 1.1
212100.0 1.0
212200.0 1.0
212300.0 1.0
212400.0 0.9
212500.0 0.8
212600.0 0.8
212700.0 0.8
212800.0 0.8
212900.0 0.8
213000.0 0.8
213100.0 0.8
213200.0 0.8
213300.0 0.8
213400.0 0.8
213500.0 0.8
213600.0 0.8
213700.0 0.8
213800.0 0.8
213900.0 0.8
214000.0 0.8
214100.0 1.0
214200.0 0.9
214300.0 0.9
214400.0 0.9
214500.0 0.9
214600.0 0.8
214700.0 0.8
214800.0 0.8
214900.0 0.9
215000.0 0.9
215100.0 0.9
215200.0 0.9
215300.0 0.9
215400.0 1.0
215500.0 1.0
215600.0 1.1
215700.0 1.0
215800.0 1.0
215900.0 1.1
216000.0 1.2
216100.0 1.0
216200.0 1.0
216300.0 1.0
216400.0 1.0
216500.0 1.0
216600.0 1.0
216700.0 1.1
216800.0 1.0
216900.0 1.0
217000.0 1.0
217100.0 1.0
217200.0 1.0
217300.0 1.0
217400.0 1.0
217500.0 1.0
217600.0 0.9
217700.0 0.9
217800.0 0.9
217900.0 0.9
218000.0 0.9
218100.0 1.1
218200.0 0.9
218300.0 0.9
218400.0 0.9
218500.0 0.9
218600.0 0.8
218700.0 0.8
218800.0 0.8
218900.0 0.8
219000.0 0.8
219100.0 0.8
219200.0 0.8
219300.0 0.8
219400.0 1.0
219500.0 0.9
219600.0 0.8
219700.0 0.8
219800.0 0.8
219900.0 0.8
220000.0 0.7
220100.0 0.8
220200.0 0.8
220300.0 0.8
220400.0 0.8
220500.0 0.8
220600.0 0.7
220700.0 0.7
220800.0 0.7
220900.0 0.7
221000.0 0.7
221100.0 0.7
221200.0 0.7
221300.0 0.7
221400.0 0.8
221500.0 0.7
221600.0 0.7
221700.0 0.7
221800.0 0.7
221900.0 0.7
222000.0 0.7
222100.0 0.7
222200.0 0.7
222300.0 0.7
222400.0 0.7
222500.0 0.7
222600.0 0.8
222700.0 0.7
222800.0 0.7
222900.0 0.7
223000.0 0.7
223100.0 0.7
223200.0 0.8
223300.0 0.7
223400.0 0.7
223500.0 0.7
223600.0 0.7
223700.0 0.7
223800.0 0.7
223900.0 0.7
224000.0 0.7
224100.0 0.7
224200.0 0.7
224300.0 0.7
224400.0 0.7
224500.0 0.7
224600.0 0.7
224700.0 0.7
224800.0 0.7
224900.0 0.7
225000.0 0.7
225100.0 0.7
225200.0 0.7
225300.0 0.7
225400.0 0.7
225500.0 0.7
225600.0 0.7
225700.0 0.7
225800.0 0.7
225900.0 0.7
226000.0 0.7
226100.0 0.7
226200.0 0.7
226300.0 0.7
226400.0 0.8
226500.0 0.7
226600.0 0.7
226700.0 0.7
226800.0 0.8
226900.0 0.8
227000.0 0.8
227100.0 0.8
227200.0 0.7
227300.0 0.7
227400.0 0.7
227500.0 0.7
227600.0 0.7
227700.0 0.7
227800.0 0.7
227900.0 0.7
228000.0 0.7
228100.0 0.7
228200.0 0.7
228300.0 0.7
228400.0 0.7
228500.0 0.7
228600.0 0.7
228700.0 0.8
228800.0 0.7
228900.0 0.7
229000.0 0.7
229100.0 0.7
229200.0 0.7
229300.0 0.7
229400.0 0.7
229500.0 0.7
229600.0 0.7
229700.0 0.7
229800.0 0.7
229900.0 0.7
230000.0 0.7
230100.0 0.7
230200.0 0.7
230300.0 0.7
230400.0 0.7
230500.0 0.7
230600.0 0.7
230700.0 0.7
230800.0 0.7
230900.0 0.7
231000.0 0.7
231100.0 0.7
231200.0 0.7
231300.0 0.7
231400.0 0.7
231500.0 0.7
231600.0 0.7
231700.0 0.8
231800.0 0.7
231900.0 0.7
232000.0 0.7
232100.0 0.7
232200.0 0.7
232300.0 0.7
232400.0 0.7
232500.0 0.7
232600.0 0.7
232700.0 0.8
232800.0 0.8
232900.0 0.8
233000.0 0.8
233100.0 0.8
233200.0 0.8
233300.0 0.8
233400.0 0.8
233500.0 0.8
233600.0 0.8
233700.0 0.8
233800.0 0.8
233900.0 0.8
234000.0 0.8
234100.0 0.8
234200.0 0.8
234300.0 0.8
234400.0 0.8
234500.0 0.8
234600.0 0.8
234700.0 0.8
234800.0 0.8
234900.0 0.8
235000.0 0.8
235100.0 0.8
235200.0 0.8
235300.0 0.8
235400.0 0.8
235500.0 0.8
235600.0 0.8
235700.0 0.8
235800.0 0.8
235900.0 0.7
236000.0 0.8
236100.0 0.7
236200.0 0.7
236300.0 0.7
236400.0 0.7
236500.0 0.7
236600.0 0.7
236700.0 0.7
236800.0 0.7
236900.0 0.7
237000.0 0.7
237100.0 0.7
237200.0 0.7
237300.0 0.7
237400.0 0.7
237500.0 0.7
237600.0 0.7
237700.0 0.7
237800.0 0.7
237900.0 0.7
238000.0 0.7
238100.0 0.7
238200.0 0.7
238300.0 0.7
238400.0 0.7
238500.0 0.7
238600.0 0.7
238700.0 0.7
238800.0 0.7
238900.0 0.7
239000.0 0.7
239100.0 0.7
239200.0 0.7
239300.0 0.7
239400.0 0.7
239500.0 0.7
239600.0 0.7
239700.0 0.7
239800.0 0.7
239900.0 0.7
240000.0 0.7
240100.0 0.7
240200.0 0.7
240300.0 0.7
240400.0 0.7
240500.0 0.7
240600.0 0.7
240700.0 0.7
240800.0 0.7
240900.0 0.7
241000.0 0.7
241100.0 0.7
241200.0 0.7
241300.0 0.7
241400.0 0.7
241500.0 0.7
241600.0 0.7
241700.0 0.7
241800.0 0.7
241900.0 0.7
242000.0 0.7
242100.0 0.7
242200.0 0.7
242300.0 0.7
242400.0 0.7
242500.0 0.7
242600.0 0.7
242700.0 0.7
242800.0 0.7
242900.0 0.7
243000.0 0.7
243100.0 0.7
243200.0 0.7
243300.0 0.7
243400.0 0.7
243500.0 0.7
243600.0 0.7
243700.0 0.7
243800.0 0.7
243900.0 0.7
244000.0 0.7
244100.0 0.7
244200.0 0.7
244300.0 0.7
244400.0 0.7
244500.0 0.7
244600.0 0.7
244700.0 0.7
244800.0 0.7
244900.0 0.7
245000.0 0.7
245100.0 0.7
245200.0 0.7
245300.0 0.7
245400.0 0.7
245500.0 0.7
245600.0 0.7
245700.0 0.7
245800.0 0.7
245900.0 0.7
246000.0 0.7
246100.0 0.7
246200.0 0.7
246300.0 0.7
246400.0 0.7
246500.0 0.7
246600.0 0.7
246700.0 0.7
246800.0 0.7
246900.0 0.7
247000.0 0.7
247100.0 0.7
247200.0 0.7
247300.0 0.7
247400.0 0.7
247500.0 0.7
247600.0 0.7
247700.0 0.7
247800.0 0.7
247900.0 0.7
248000.0 0.7
248100.0 0.7
248200.0 0.7
248300.0 0.7
248400.0 0.7
248500.0 0.7
248600.0 0.7
248700.0 0.7
248800.0 0.7
248900.0 0.7
249000.0 0.7
249100.0 0.7
249200.0 0.7
249300.0 0.7
249400.0 0.7
249500.0 0.7
249600.0 0.7
249700.0 0.7
249800.0 0.7
249900.0 0.7
250000.0 0.7
250100.0 0.7
250200.0 0.7
250300.0 0.7
250400.0 0.7
250500.0 0.7
250600.0 0.7
250700.0 0.7
250800.0 0.7
250900.0 0.7
251000.0 0.7
251100.0 0.7
251200.0 0.7
251300.0 0.7
251400.0 0.7
251500.0 0.7
251600.0 0.7
251700.0 0.7
251800.0 0.7
251900.0 0.7
252000.0 0.7
252100.0 0.7
252200.0 0.7
252300.0 0.7
252400.0 0.7
252500.0 0.7
252600.0 0.7
252700.0 0.7
252800.0 0.7
252900.0 0.7
253000.0 0.7
253100.0 0.7
253200.0 0.7
253300.0 0.7
253400.0 0.7
253500.0 0.7
253600.0 0.7
253700.0 0.7
253800.0 0.7
253900.0 0.7
254000.0 0.7
254100.0 0.7
254200.0 0.7
254300.0 0.7
254400.0 0.7
254500.0 0.7
254600.0 0.7
254700.0 0.7
254800.0 0.7
254900.0 0.7
255000.0 0.7
255100.0 0.7
255200.0 0.7
255300.0 0.7
255400.0 0.7
255500.0 0.7
255600.0 0.7
255700.0 0.7
255800.0 0.7
255900.0 0.7
256000.0 0.7
256100.0 0.7
256200.0 0.7
256300.0 0.7
256400.0 0.7
256500.0 0.7
256600.0 0.7
256700.0 0.7
256800.0 0.7
256900.0 0.7
257000.0 0.7
257100.0 0.7
257200.0 0.7
257300.0 0.7
257400.0 0.7
257500.0 0.7
257600.0 0.7
257700.0 0.7
257800.0 0.7
257900.0 0.7
258000.0 0.7
258100.0 0.7
258200.0 0.7
258300.0 0.7
258400.0 0.7
258500.0 0.7
258600.0 0.7
258700.0 0.7
258800.0 0.7
258900.0 0.7
259000.0 0.7
259100.0 0.7
259200.0 0.7
259300.0 0.7
259400.0 0.7
259500.0 0.7
259600.0 0.7
259700.0 0.7
259800.0 0.7
259900.0 0.7
260000.0 0.7
260100.0 0.7
260200.0 0.7
260300.0 0.7
260400.0 0.7
260500.0 0.7
260600.0 0.7
260700.0 0.7
260800.0 0.7
260900.0 0.7
261000.0 0.7
261100.0 0.7
261200.0 0.8
261300.0 0.8
261400.0 0.8
261500.0 0.8
261600.0 0.8
261700.0 0.8
261800.0 0.8
261900.0 0.8
262000.0 0.8
262100.0 0.8
262200.0 0.8
262300.0 0.8
262400.0 0.8
262500.0 0.8
262600.0 0.8
262700.0 0.8
262800.0 0.8
262900.0 0.8
263000.0 0.8
263100.0 0.8
263200.0 0.8
263300.0 0.8
263400.0 0.8
263500.0 0.8
263600.0 0.8
263700.0 0.8
263800.0 0.8
263900.0 0.8
264000.0 0.8
264100.0 0.8
264200.0 0.8
264300.0 0.8
264400.0 0.8
264500.0 0.8
264600.0 0.8
264700.0 0.8
264800.0 0.8
264900.0 0.8
265000.0 0.8
265100.0 0.8
265200.0 0.8
265300.0 0.8
265400.0 0.8
265500.0 0.8
265600.0 0.8
265700.0 0.8
265800.0 0.8
265900.0 0.8
266000.0 0.8
266100.0 0.8
266200.0 0.8
266300.0 0.8
266400.0 0.8
266500.0 0.8
266600.0 0.8
266700.0 0.8
266800.0 0.8
266900.0 0.8
267000.0 0.8
267100.0 0.8
267200.0 0.8
267300.0 0.8
267400.0 0.8
267500.0 0.8
267600.0 0.8
267700.0 0.8
267800.0 0.8
267900.0 0.8
268000.0 0.8
268100.0 0.8
268200.0 0.8
268300.0 0.8
268400.0 0.8
268500.0 0.8
268600.0 0.8
268700.0 0.8
268800.0 0.8
268900.0 0.8
269000.0 0.8
269100.0 0.8
269200.0 0.8
269300.0 0.8
269400.0 0.8
269500.0 0.8
269600.0 0.8
269700.0 0.8
269800.0 0.8
269900.0 0.8
270000.0 0.8
270100.0 0.8
270200.0 0.8
270300.0 0.8
270400.0 0.8
270500.0 0.8
270600.0 0.8
270700.0 0.8
270800.0 0.8
270900.0 0.8
271000.0 0.8
271100.0 0.8
271200.0 0.8
271300.0 0.8
271400.0 0.8
271500.0 0.8
271600.0 0.8
271700.0 0.8
271800.0 0.7
271900.0 0.7
272000.0 0.7
272100.0 0.7
272200.0 0.7
272300.0 0.7
272400.0 0.7
272500.0 0.7
272600.0 0.7
272700.0 0.7
272800.0 0.7
272900.0 0.7
273000.0 0.7
273100.0 0.7
273200.0 0.7
273300.0 0.7
273400.0 0.7
273500.0 0.7
273600.0 0.7
273700.0 0.7
273800.0 0.7
273900.0 0.7
274000.0 0.7
274100.0 0.7
274200.0 0.7
274300.0 0.7
274400.0 0.7
274500.0 0.7
274600.0 0.7
274700.0 0.7
274800.0 0.7
274900.0 0.7
275000.0 0.7
275100.0 0.7
275200.0 0.7
275300.0 0.7
275400.0 0.7
275500.0 0.7
275600.0 0.7
275700.0 0.7
275800.0 0.7
275900.0 0.7
276000.0 0.7
276100.0 0.7
276200.0 0.7
276300.0 0.7
276400.0 0.7
276500.0 0.7
276600.0 0.7
276700.0 0.7
276800.0 0.7
276900.0 0.7
277000.0 0.7
277100.0 0.7
277200.0 0.7
277300.0 0.7
277400.0 0.7
277500.0 0.7
277600.0 0.7
277700.0 0.7
277800.0 0.7
277900.0 0.7
278000.0 0.7
278100.0 0.7
278200.0 0.7
278300.0 0.7
278400.0 0.7
278500.0 0.7
278600.0 0.7
278700.0 0.7
278800.0 0.7
278900.0 0.7
279000.0 0.7
279100.0 0.7
279200.0 0.7
279300.0 0.7
279400.0 0.7
279500.0 0.7
279600.0 0.7
279700.0 0.7
279800.0 0.7
279900.0 0.7
280000.0 0.7
280100.0 0.7
280200.0 0.7
280300.0 0.7
280400.0 0.7
280500.0 0.7
280600.0 0.7
280700.0 0.7
280800.0 0.7
280900.0 0.7
281000.0 0.7
281100.0 0.7
281200.0 0.7
281300.0 0.7
281400.0 0.7
281500.0 0.7
281600.0 0.7
281700.0 0.7
281800.0 0.7
281900.0 0.7
282000.0 0.7
282100.0 0.7
282200.0 0.7
282300.0 0.7
282400.0 0.7
282500.0 0.7
282600.0 0.7
282700.0 0.7
282800.0 0.7
282900.0 0.7
283000.0 0.7
283100.0 0.7
283200.0 0.7
283300.0 0.7
283400.0 0.7
283500.0 0.7
283600.0 0.7
283700.0 0.7
283800.0 0.7
283900.0 0.7
284000.0 0.7
284100.0 0.7
284200.0 0.7
284300.0 0.7
284400.0 0.7
284500.0 0.7
284600.0 0.7
284700.0 0.7
284800.0 0.7
284900.0 0.7
285000.0 0.7
285100.0 0.7
285200.0 0.7
285300.0 0.7
285400.0 0.7
285500.0 0.7
285600.0 0.7
285700.0 0.7
285800.0 0.7
285900.0 0.7
286000.0 0.7
286100.0 0.7
286200.0 0.7
286300.0 0.7
286400.0 0.7
286500.0 0.7
286600.0 0.7
286700.0 0.7
286800.0 0.7
286900.0 0.7
287000.0 0.7
287100.0 0.7
287200.0 0.7
287300.0 0.7
287400.0 0.7
287500.0 0.7
287600.0 0.7
287700.0 0.7
287800.0 0.7
287900.0 0.7
288000.0 0.7
288100.0 0.7
288200.0 0.7
288300.0 0.7
288400.0 0.7
288500.0 0.7
288600.0 0.7
288700.0 0.7
288800.0 0.7
288900.0 0.7
289000.0 0.7
289100.0 0.7
289200.0 0.7
289300.0 0.7
289400.0 0.7
289500.0 0.7
289600.0 0.7
289700.0 0.7
289800.0 0.7
289900.0 0.7
290000.0 0.7
290100.0 0.7
290200.0 0.7
290300.0 0.7
290400.0 0.7
290500.0 0.7
290600.0 0.7
290700.0 0.7
290800.0 0.7
290900.0 0.7
291000.0 0.7
291100.0 0.7
291200.0 0.7
291300.0 0.7
291400.0 0.7
291500.0 0.7
291600.0 0.7
291700.0 0.7
291800.0 0.7
291900.0 0.7
292000.0 0.7
292100.0 0.7
292200.0 0.7
292300.0 0.7
292400.0 0.7
292500.0 0.7
292600.0 0.7
292700.0 0.7
292800.0 0.7
292900.0 0.7
293000.0 0.7
293100.0 0.7
293200.0 0.7
293300.0 0.7
293400.0 0.7
293500.0 0.7
293600.0 0.7
293700.0 0.7
293800.0 0.7
293900.0 0.7
294000.0 0.7
294100.0 0.7
294200.0 0.7
294300.0 0.7
294400.0 0.7
294500.0 0.7
294600.0 0.7
294700.0 0.7
294800.0 0.7
294900.0 0.7
295000.0 0.7
295100.0 0.7
295200.0 0.7
295300.0 0.7
295400.0 0.7
295500.0 0.7
295600.0 0.7
295700.0 0.7
295800.0 0.7
295900.0 0.7
296000.0 0.7
296100.0 0.7
296200.0 0.7
296300.0 0.7
296400.0 0.7
296500.0 0.7
296600.0 0.7
296700.0 0.7
296800.0 0.7
296900.0 0.7
297000.0 0.7
297100.0 0.7
297200.0 0.7
297300.0 0.7
297400.0 0.7
297500.0 0.7
297600.0 0.7
297700.0 0.7
297800.0 0.7
297900.0 0.7
298000.0 0.7
298100.0 0.7
298200.0 0.7
298300.0 0.7
298400.0 0.7
298500.0 0.7
298600.0 0.7
298700.0 0.7
298800.0 0.7
298900.0 0.7
299000.0 0.7
299100.0 0.7
299200.0 0.7
299300.0 0.7
299400.0 0.7
299500.0 0.7
299600.0 0.7
299700.0 0.7
299800.0 0.7
299900.0 0.7
300000.0 0.7
300100.0 0.7
300200.0 0.7
300300.0 0.7
300400.0 0.7
300500.0 0.7
300600.0 0.7
300700.0 0.7
300800.0 0.7
300900.0 0.7
301000.0 0.7
301100.0 0.7
301200.0 0.7
301300.0 0.7
301400.0 0.7
301500.0 0.7
301600.0 0.7
301700.0 0.7
301800.0 0.7
301900.0 0.7
302000.0 0.7
302100.0 0.7
302200.0 0.7
302300.0 0.7
302400.0 0.7
302500.0 0.7
302600.0 0.7
302700.0 0.7
302800.0 0.7
302900.0 0.7
303000.0 0.7
303100.0 0.7
303200.0 0.7
303300.0 0.7
303400.0 0.7
303500.0 0.7
303600.0 0.7
303700.0 0.7
303800.0 0.7
303900.0 0.7
304000.0 0.7
304100.0 0.7
304200.0 0.7
304300.0 0.7
304400.0 0.7
304500.0 0.7
304600.0 0.7
304700.0 0.7
304800.0 0.7
304900.0 0.7
305000.0 0.7
305100.0 0.7
305200.0 0.7
305300.0 0.7
305400.0 0.7
305500.0 0.7
305600.0 0.7
305700.0 0.7
305800.0 0.7
305900.0 0.7
306000.0 0.7
306100.0 0.7
306200.0 0.7
306300.0 0.7
306400.0 0.7
306500.0 0.7
306600.0 0.7
306700.0 0.7
306800.0 0.7
306900.0 0.7
307000.0 0.7
307100.0 0.7
307200.0 0.7
307300.0 0.7
307400.0 0.7
307500.0 0.7
307600.0 0.7
307700.0 0.7
307800.0 0.7
307900.0 0.7
308000.0 0.7
308100.0 0.7
308200.0 0.7
308300.0 0.7
308400.0 0.7
308500.0 0.7
308600.0 0.7
308700.0 0.7
308800.0 0.7
308900.0 0.7
309000.0 0.7
309100.0 0.7
309200.0 0.7
309300.0 0.7
309400.0 0.7
309500.0 0.7
309600.0 0.7
309700.0 0.7
309800.0 0.7
309900.0 0.7
310000.0 0.7
310100.0 0.7
310200.0 0.7
310300.0 0.7
310400.0 0.7
310500.0 0.7
310600.0 0.7
310700.0 0.7
310800.0 0.7
310900.0 0.7
311000.0 0.7
311100.0 0.7
311200.0 0.7
311300.0 0.7
311400.0 0.7
311500.0 0.7
311600.0 0.7
311700.0 0.7
311800.0 0.7
311900.0 0.7
312000.0 0.7
312100.0 0.7
312200.0 0.7
312300.0 0.7
312400.0 0.7
312500.0 0.7
312600.0 0.7
312700.0 0.7
312800.0 0.7
312900.0 0.7
313000.0 0.7
313100.0 0.7
313200.0 0.7
313300.0 0.7
313400.0 0.7
313500.0 0.7
313600.0 0.7
313700.0 0.7
313800.0 0.7
313900.0 0.7
314000.0 0.7
314100.0 0.7
314200.0 0.7
314300.0 0.7
314400.0 0.7
314500.0 0.7
314600.0 0.7
314700.0 0.7
314800.0 0.7
314900.0 0.7
315000.0 0.7
315100.0 0.7
315200.0 0.7
315300.0 0.7
315400.0 0.7
315500.0 0.7
315600.0 0.7
315700.0 0.7
315800.0 0.7
315900.0 0.7
316000.0 0.7
316100.0 0.7
316200.0 0.7
316300.0 0.7
316400.0 0.7
316500.0 0.7
316600.0 0.7
316700.0 0.7
316800.0 0.7
316900.0 0.7
317000.0 0.7
317100.0 0.7
317200.0 0.7
317300.0 0.7
317400.0 0.7
317500.0 0.7
317600.0 0.7
317700.0 0.7
317800.0 0.7
317900.0 0.7
318000.0 0.7
318100.0 0.7
318200.0 0.7
318300.0 0.7
318400.0 0.7
318500.0 0.7
318600.0 0.7
318700.0 0.7
318800.0 0.7
318900.0 0.7
319000.0 0.7
319100.0 0.7
319200.0 0.7
319300.0 0.7
319400.0 0.7
319500.0 0.7
319600.0 0.7
319700.0 0.7
319800.0 0.7
319900.0 0.7
320000.0 0.7
320100.0 0.7
320200.0 0.7
320300.0 0.7
320400.0 0.7
320500.0 0.7
320600.0 0.7
320700.0 0.7
320800.0 0.7
320900.0 0.7
321000.0 0.7
321100.0 0.7
321200.0 0.7
321300.0 0.7
321400.0 0.7
321500.0 0.7
321600.0 0.7
321700.0 0.7
321800.0 0.7
321900.0 0.7
322000.0 0.7
322100.0 0.7
322200.0 0.7
322300.0 0.7
322400.0 0.7
322500.0 0.7
322600.0 0.7
322700.0 0.7
322800.0 0.7
322900.0 0.7
323000.0 0.7
323100.0 0.7
323200.0 0.7
323300.0 0.7
323400.0 0.7
323500.0 0.7
323600.0 0.7
323700.0 0.7
323800.0 0.7
323900.0 0.7
324000.0 0.7
324100.0 0.7
324200.0 0.7
324300.0 0.7
324400.0 0.7
324500.0 0.7
324600.0 0.7
324700.0 0.7
324800.0 0.7
324900.0 0.7
325000.0 0.7
325100.0 0.7
325200.0 0.7
325300.0 0.7
325400.0 0.7
325500.0 0.7
325600.0 0.7
325700.0 0.7
325800.0 0.7
325900.0 0.7
326000.0 0.7
326100.0 0.7
326200.0 0.7
326300.0 0.7
326400.0 0.7
326500.0 0.7
326600.0 0.7
326700.0 0.7
326800.0 0.7
326900.0 0.7
327000.0 0.7
327100.0 0.7
327200.0 0.7
327300.0 0.7
327400.0 0.7
327500.0 0.7
327600.0 0.7
327700.0 0.7
327800.0 0.7
327900.0 0.7
328000.0 0.7
328100.0 0.7
328200.0 0.7
328300.0 0.7
328400.0 0.7
328500.0 0.7
328600.0 0.7
328700.0 0.7
328800.0 0.7
328900.0 0.7
329000.0 0.7
329100.0 0.7
329200.0 0.7
329300.0 0.7
329400.0 0.7
329500.0 0.7
329600.0 0.7
329700.0 0.7
329800.0 0.7
329900.0 0.7
330000.0 0.7
330100.0 0.7
330200.0 0.7
330300.0 0.7
330400.0 0.7
330500.0 0.7
330600.0 0.7
330700.0 0.7
330800.0 0.7
330900.0 0.7
331000.0 0.7
331100.0 0.7
331200.0 0.7
331300.0 0.7
331400.0 0.7
331500.0 0.7
331600.0 0.7
331700.0 0.7
331800.0 0.7
331900.0 0.7
332000.0 0.7
332100.0 0.7
332200.0 0.7
332300.0 0.7
332400.0 0.7
332500.0 0.7
332600.0 0.7
332700.0 0.7
332800.0 0.7
332900.0 0.7
333000.0 0.7
333100.0 0.7
333200.0 0.7
333300.0 0.7
333400.0 0.7
333500.0 0.7
333600.0 0.7
333700.0 0.7
333800.0 0.7
333900.0 0.7
334000.0 0.7
334100.0 0.7
334200.0 0.7
334300.0 0.7
334400.0 0.7
334500.0 0.7
334600.0 0.7
334700.0 0.7
334800.0 0.7
334900.0 0.7
335000.0 0.7
335100.0 0.7
335200.0 0.7
335300.0 0.7
335400.0 0.7
335500.0 0.7
335600.0 0.7
335700.0 0.7
335800.0 0.7
335900.0 0.7
336000.0 0.7
336100.0 0.7
336200.0 0.7
336300.0 0.7
336400.0 0.7
336500.0 0.7
336600.0 0.7
336700.0 0.7
336800.0 0.7
336900.0 0.7
337000.0 0.7
337100.0 0.7
337200.0 0.7
337300.0 0.7
337400.0 0.7
337500.0 0.7
337600.0 0.7
337700.0 0.7
337800.0 0.7
337900.0 0.7
338000.0 0.7
338100.0 0.7
338200.0 0.7
338300.0 0.7
338400.0 0.7
338500.0 0.7
338600.0 0.7
338700.0 0.7
338800.0 0.7
338900.0 0.7
339000.0 0.7
339100.0 0.7
339200.0 0.7
339300.0 0.7
339400.0 0.7
339500.0 0.7
339600.0 0.7
339700.0 0.7
339800.0 0.7
339900.0 0.7
340000.0 0.7
340100.0 0.7
340200.0 0.7
340300.0 0.7
340400.0 0.7
340500.0 0.7
340600.0 0.7
340700.0 0.7
340800.0 0.7
340900.0 0.7
341000.0 0.7
341100.0 0.7
341200.0 0.7
341300.0 0.7
341400.0 0.7
341500.0 0.7
341600.0 0.7
341700.0 0.7
341800.0 0.7
341900.0 0.7
342000.0 0.7
342100.0 0.7
342200.0 0.7
342300.0 0.7
342400.0 0.7
342500.0 0.7
342600.0 0.7
342700.0 0.7
342800.0 0.7
342900.0 0.7
343000.0 0.7
343100.0 0.7
343200.0 0.7
343300.0 0.7
343400.0 0.7
343500.0 0.7
343600.0 0.7
343700.0 0.7
343800.0 0.7
343900.0 0.7
344000.0 0.7
344100.0 0.7
344200.0 0.7
344300.0 0.7
344400.0 0.7
344500.0 0.7
344600.0 0.7
344700.0 0.7
344800.0 0.7
344900.0 0.7
345000.0 0.7
345100.0 0.7
345200.0 0.7
345300.0 0.7
345400.0 0.7
345500.0 0.7
345600.0 0.7
345700.0 0.7
345800.0 0.7
345900.0 0.7
346000.0 0.7
346100.0 0.7
346200.0 0.7
346300.0 0.7
346400.0 0.7
346500.0 0.7
346600.0 0.7
346700.0 0.7
346800.0 0.7
346900.0 0.7
347000.0 0.7
347100.0 0.7
347200.0 0.7
347300.0 0.7
347400.0 0.7
347500.0 0.7
347600.0 0.7
347700.0 0.7
347800.0 0.7
347900.0 0.7
348000.0 0.7
348100.0 0.7
348200.0 0.7
348300.0 0.7
348400.0 0.7
348500.0 0.7
348600.0 0.7
348700.0 0.7
348800.0 0.7
348900.0 0.7
349000.0 0.7
349100.0 0.7
349200.0 0.7
349300.0 0.7
349400.0 0.7
349500.0 0.7
349600.0 0.7
349700.0 0.7
349800.0 0.7
349900.0 0.7
350000.0 0.7
350100.0 0.7
350200.0 0.7
350300.0 0.7
350400.0 0.7
350500.0 0.7
350600.0 0.7
350700.0 0.7
350800.0 0.7
350900.0 0.7
351000.0 0.7
351100.0 0.7
351200.0 0.7
351300.0 0.7
351400.0 0.7
351500.0 0.7
351600.0 0.7
351700.0 0.7
351800.0 0.7
351900.0 0.7
352000.0 0.7
352100.0 0.7
352200.0 0.7
352300.0 0.7
352400.0 0.7
352500.0 0.7
352600.0 0.7
352700.0 0.7
352800.0 0.7
352900.0 0.7
353000.0 0.7
353100.0 0.7
353200.0 0.7
353300.0 0.7
353400.0 0.7
353500.0 0.7
353600.0 0.7
353700.0 0.7
353800.0 0.7
353900.0 0.7
354000.0 0.7
354100.0 0.7
354200.0 0.7
354300.0 0.7
354400.0 0.7
354500.0 0.7
354600.0 0.7
354700.0 0.7
354800.0 0.7
354900.0 0.7
355000.0 0.7
355100.0 0.7
355200.0 0.7
355300.0 0.7
355400.0 0.7
355500.0 0.7
355600.0 0.7
355700.0 0.7
355800.0 0.7
355900.0 0.7
356000.0 0.7
356100.0 0.7
356200.0 0.7
356300.0 0.7
356400.0 0.7
356500.0 0.7
356600.0 0.7
356700.0 0.7
356800.0 0.7
356900.0 0.7
357000.0 0.7
357100.0 0.7
357200.0 0.7
357300.0 0.7
357400.0 0.7
357500.0 0.7
357600.0 0.7
357700.0 0.7
357800.0 0.7
357900.0 0.7
358000.0 0.7
358100.0 0.7
358200.0 0.7
358300.0 0.7
358400.0 0.7
358500.0 0.7
358600.0 0.7
358700.0 0.7
358800.0 0.7
358900.0 0.7
359000.0 0.7
359100.0 0.7
359200.0 0.7
359300.0 0.7
359400.0 0.7
359500.0 0.7
359600.0 0.7
359700.0 0.7
359800.0 0.7
359900.0 0.7
360000.0 0.7
360100.0 0.7
360200.0 0.7
360300.0 0.7
360400.0 0.7
360500.0 0.7
360600.0 0.7
360700.0 0.7
360800.0 0.7
360900.0 0.7
361000.0 0.7
361100.0 0.7
361200.0 0.7
361300.0 0.7
361400.0 0.7
361500.0 0.7
361600.0 0.7
361700.0 0.7
361800.0 0.7
361900.0 0.7
362000.0 0.7
362100.0 0.7
362200.0 0.7
362300.0 0.7
362400.0 0.7
362500.0 0.7
362600.0 0.7
362700.0 0.7
362800.0 0.7
362900.0 0.7
363000.0 0.7
363100.0 0.7
363200.0 0.7
363300.0 0.7
363400.0 0.7
363500.0 0.7
363600.0 0.7
363700.0 0.7
363800.0 0.7
363900.0 0.7
364000.0 0.7
364100.0 0.7
364200.0 0.7
364300.0 0.7
364400.0 0.7
364500.0 0.7
364600.0 0.7
364700.0 0.7
364800.0 0.7
364900.0 0.7
365000.0 0.7
365100.0 0.7
365200.0 0.7
365300.0 0.7
365400.0 0.7
365500.0 0.7
365600.0 0.7
365700.0 0.7
365800.0 0.7
365900.0 0.7
366000.0 0.7
366100.0 0.7
366200.0 0.7
366300.0 0.7
366400.0 0.7
366500.0 0.7
366600.0 0.7
366700.0 0.7
366800.0 0.7
366900.0 0.7
367000.0 0.7
367100.0 0.7
367200.0 0.7
367300.0 0.7
367400.0 0.7
367500.0 0.7
367600.0 0.7
367700.0 0.7
367800.0 0.7
367900.0 0.7
368000.0 0.7
368100.0 0.7
368200.0 0.7
368300.0 0.7
368400.0 0.7
368500.0 0.7
368600.0 0.7
368700.0 0.7
368800.0 0.7
368900.0 0.7
369000.0 0.7
369100.0 0.7
369200.0 0.7
369300.0 0.7
369400.0 0.7
369500.0 0.7
369600.0 0.7
369700.0 0.7
369800.0 0.7
369900.0 0.7
370000.0 0.7
370100.0 0.7
370200.0 0.7
370300.0 0.7
370400.0 0.7
370500.0 0.7
370600.0 0.7
370700.0 0.7
370800.0 0.7
370900.0 0.7
371000.0 0.7
371100.0 0.7
371200.0 0.7
371300.0 0.7
371400.0 0.7
371500.0 0.7
371600.0 0.7
371700.0 0.7
371800.0 0.7
371900.0 0.7
372000.0 0.7
372100.0 0.7
372200.0 0.7
372300.0 0.7
372400.0 0.7
372500.0 0.7
372600.0 0.7
372700.0 0.7
372800.0 0.7
372900.0 0.7
373000.0 0.7
373100.0 0.7
373200.0 0.7
373300.0 0.7
373400.0 0.7
373500.0 0.7
373600.0 0.7
373700.0 0.7
373800.0 0.7
373900.0 0.7
374000.0 0.7
374100.0 0.7
374200.0 0.7
374300.0 0.7
374400.0 0.7
374500.0 0.7
374600.0 0.7
374700.0 0.7
374800.0 0.7
374900.0 0.7
375000.0 0.7
375100.0 0.7
375200.0 0.7
375300.0 0.7
375400.0 0.7
375500.0 0.7
375600.0 0.7
375700.0 0.7
375800.0 0.7
375900.0 0.7
376000.0 0.7
376100.0 0.7
376200.0 0.7
376300.0 0.7
376400.0 0.7
376500.0 0.7
376600.0 0.7
376700.0 0.7
376800.0 0.7
376900.0 0.7
377000.0 0.7
377100.0 0.7
377200.0 0.7
377300.0 0.7
377400.0 0.7
377500.0 0.7
377600.0 0.7
377700.0 0.7
377800.0 0.7
377900.0 0.7
378000.0 0.7
378100.0 0.7
378200.0 0.7
378300.0 0.7
378400.0 0.7
378500.0 0.7
378600.0 0.7
378700.0 0.7
378800.0 0.7
378900.0 0.7
379000.0 0.7
379100.0 0.7
379200.0 0.7
379300.0 0.7
379400.0 0.7
379500.0 0.7
379600.0 0.7
379700.0 0.7
379800.0 0.7
379900.0 0.7
380000.0 0.7
380100.0 0.7
380200.0 0.7
380300.0 0.7
380400.0 0.7
380500.0 0.7
380600.0 0.7
380700.0 0.7
380800.0 0.7
380900.0 0.7
381000.0 0.7
381100.0 0.7
381200.0 0.7
381300.0 0.7
381400.0 0.7
381500.0 0.7
381600.0 0.7
381700.0 0.7
381800.0 0.7
381900.0 0.7
382000.0 0.7
382100.0 0.7
382200.0 0.7
382300.0 0.7
382400.0 0.7
382500.0 0.7
382600.0 0.7
382700.0 0.7
382800.0 0.7
382900.0 0.7
383000.0 0.7
383100.0 0.7
383200.0 0.7
383300.0 0.7
383400.0 0.7
383500.0 0.7
383600.0 0.7
383700.0 0.7
383800.0 0.7
383900.0 0.7
384000.0 0.7
384100.0 0.7
384200.0 0.7
384300.0 0.7
384400.0 0.7
384500.0 0.7
384600.0 0.7
384700.0 0.7
384800.0 0.7
384900.0 0.7
385000.0 0.7
385100.0 0.7
385200.0 0.7
385300.0 0.7
385400.0 0.7
385500.0 0.7
385600.0 0.7
385700.0 0.7
385800.0 0.7
385900.0 0.7
386000.0 0.7
386100.0 0.7
386200.0 0.7
386300.0 0.7
386400.0 0.7
386500.0 0.7
386600.0 0.7
386700.0 0.7
386800.0 0.7
386900.0 0.7
387000.0 0.7
387100.0 0.7
387200.0 0.7
387300.0 0.7
387400.0 0.7
387500.0 0.7
387600.0 0.7
387700.0 0.7
387800.0 0.7
387900.0 0.7
388000.0 0.7
388100.0 0.7
388200.0 0.7
388300.0 0.7
388400.0 0.7
388500.0 0.7
388600.0 0.7
388700.0 0.7
388800.0 0.7
388900.0 0.7
389000.0 0.7
389100.0 0.7
389200.0 0.7
389300.0 0.7
389400.0 0.7
389500.0 0.7
389600.0 0.7
389700.0 0.7
389800.0 0.7
389900.0 0.7
390000.0 0.7
390100.0 0.7
390200.0 0.7
390300.0 0.7
390400.0 0.7
390500.0 0.7
390600.0 0.7
390700.0 0.7
390800.0 0.7
390900.0 0.7
391000.0 0.7
391100.0 0.7
391200.0 0.7
391300.0 0.7
391400.0 0.7
391500.0 0.7
391600.0 0.7
391700.0 0.7
391800.0 0.7
391900.0 0.7
392000.0 0.7
392100.0 0.7
392200.0 0.7
392300.0 0.7
392400.0 0.7
392500.0 0.7
392600.0 0.7
392700.0 0.7
392800.0 0.7
392900.0 0.7
393000.0 0.7
393100.0 0.7
393200.0 0.7
393300.0 0.7
393400.0 0.7
393500.0 0.7
393600.0 0.7
393700.0 0.7
393800.0 0.7
393900.0 0.7
394000.0 0.7
394100.0 0.7
394200.0 0.7
394300.0 0.7
394400.0 0.7
394500.0 0.7
394600.0 0.7
394700.0 0.7
394800.0 0.7
394900.0 0.7
395000.0 0.7
395100.0 0.7
395200.0 0.7
395300.0 0.7
395400.0 0.7
395500.0 0.7
395600.0 0.7
395700.0 0.7
395800.0 0.7
395900.0 0.7
396000.0 0.7
396100.0 0.7
396200.0 0.7
396300.0 0.7
396400.0 0.7
396500.0 0.7
396600.0 0.7
396700.0 0.7
396800.0 0.7
396900.0 0.7
397000.0 0.7
397100.0 0.7
397200.0 0.7
397300.0 0.7
397400.0 0.7
397500.0 0.7
397600.0 0.7
397700.0 0.7
397800.0 0.7
397900.0 0.7
398000.0 0.7
398100.0 0.7
398200.0 0.7
398300.0 0.7
398400.0 0.7
398500.0 0.7
398600.0 0.7
398700.0 0.7
398800.0 0.7
398900.0 0.7
399000.0 0.7
399100.0 0.7
399200.0 0.7
399300.0 0.7
399400.0 0.7
399500.0 0.7
399600.0 0.7
399700.0 0.7
399800.0 0.7
399900.0 0.7
400000.0 0.7
400100.0 0.7
400200.0 0.7
400300.0 0.7
400400.0 0.7
400500.0 0.7
400600.0 0.7
400700.0 0.7
400800.0 0.7
400900.0 0.7
401000.0 0.7
401100.0 0.7
401200.0 0.7
401300.0 0.7
401400.0 0.7
401500.0 0.7
401600.0 0.7
401700.0 0.7
401800.0 0.7
401900.0 0.7
402000.0 0.7
402100.0 0.7
402200.0 0.7
402300.0 0.7
402400.0 0.7
402500.0 0.7
402600.0 0.7
402700.0 0.7
402800.0 0.7
402900.0 0.7
403000.0 0.7
403100.0 0.7
403200.0 0.7
403300.0 0.7
403400.0 0.7
403500.0 0.7
403600.0 0.7
403700.0 0.7
403800.0 0.7
403900.0 0.7
404000.0 0.7
404100.0 0.7
404200.0 0.7
404300.0 0.7
404400.0 0.7
404500.0 0.7
404600.0 0.7
404700.0 0.7
404800.0 0.7
404900.0 0.7
405000.0 0.7
405100.0 0.7
405200.0 0.7
405300.0 0.7
405400.0 0.7
405500.0 0.7
405600.0 0.7
405700.0 0.7
405800.0 0.7
405900.0 0.7
406000.0 0.7
406100.0 0.7
406200.0 0.7
406300.0 0.7
406400.0 0.7
406500.0 0.7
406600.0 0.7
406700.0 0.7
406800.0 0.7
406900.0 0.7
407000.0 0.7
407100.0 0.7
407200.0 0.7
407300.0 0.7
407400.0 0.7
407500.0 0.7
407600.0 0.7
407700.0 0.7
407800.0 0.7
407900.0 0.7
408000.0 0.7
408100.0 0.7
408200.0 0.7
408300.0 0.7
408400.0 0.7
408500.0 0.7
408600.0 0.7
408700.0 0.7
408800.0 0.7
408900.0 0.7
409000.0 0.7
409100.0 0.7
409200.0 0.7
409300.0 0.7
409400.0 0.7
409500.0 0.7
409600.0 0.7
409700.0 0.7
409800.0 0.7
409900.0 0.7
410000.0 0.7
410100.0 0.7
410200.0 0.7
410300.0 0.7
410400.0 0.7
410500.0 0.7
410600.0 0.7
410700.0 0.7
410800.0 0.7
410900.0 0.7
411000.0 0.7
411100.0 0.7
411200.0 0.7
411300.0 0.7
411400.0 0.7
411500.0 0.7
411600.0 0.7
411700.0 0.7
411800.0 0.7
411900.0 0.7
412000.0 0.7
412100.0 0.7
412200.0 0.7
412300.0 0.7
412400.0 0.7
412500.0 0.7
412600.0 0.7
412700.0 0.7
412800.0 0.7
412900.0 0.7
413000.0 0.7
413100.0 0.7
413200.0 0.7
413300.0 0.7
413400.0 0.7
413500.0 0.7
413600.0 0.7
413700.0 0.7
413800.0 0.7
413900.0 0.7
414000.0 0.7
414100.0 0.7
414200.0 0.7
414300.0 0.7
414400.0 0.7
414500.0 0.7
414600.0 0.7
414700.0 0.7
414800.0 0.7
414900.0 0.7
415000.0 0.7
415100.0 0.7
415200.0 0.7
415300.0 0.7
415400.0 0.7
415500.0 0.7
415600.0 0.7
415700.0 0.7
415800.0 0.7
415900.0 0.7
416000.0 0.7
416100.0 0.7
416200.0 0.7
416300.0 0.7
416400.0 0.7
416500.0 0.7
416600.0 0.7
416700.0 0.7
416800.0 0.7
416900.0 0.7
417000.0 0.7
417100.0 0.7
417200.0 0.7
417300.0 0.7
417400.0 0.7
417500.0 0.7
417600.0 0.7
417700.0 0.7
417800.0 0.7
417900.0 0.7
418000.0 0.7
418100.0 0.7
418200.0 0.7
418300.0 0.7
418400.0 0.7
418500.0 0.7
418600.0 0.7
418700.0 0.7
418800.0 0.7
418900.0 0.7
419000.0 0.7
419100.0 0.7
419200.0 0.7
419300.0 0.7
419400.0 0.7
419500.0 0.7
419600.0 0.7
419700.0 0.7
419800.0 0.7
419900.0 0.7
420000.0 0.7
420100.0 0.7
420200.0 0.7
420300.0 0.7
420400.0 0.7
420500.0 0.7
420600.0 0.7
420700.0 0.7
420800.0 0.7
420900.0 0.7
421000.0 0.7
421100.0 0.7
421200.0 0.7
421300.0 0.7
421400.0 0.7
421500.0 0.7
421600.0 0.7
421700.0 0.7
421800.0 0.7
421900.0 0.7
422000.0 0.7
422100.0 0.7
422200.0 0.7
422300.0 0.7
422400.0 0.7
422500.0 0.7
422600.0 0.7
422700.0 0.7
422800.0 0.7
422900.0 0.7
423000.0 0.7
423100.0 0.7
423200.0 0.7
423300.0 0.7
423400.0 0.7
423500.0 0.7
423600.0 0.7
423700.0 0.7
423800.0 0.7
423900.0 0.7
424000.0 0.7
424100.0 0.7
424200.0 0.7
424300.0 0.7
424400.0 0.7
424500.0 0.7
424600.0 0.7
424700.0 0.7
424800.0 0.7
424900.0 0.7
425000.0 0.7
425100.0 0.7
425200.0 0.7
425300.0 0.7
425400.0 0.7
425500.0 0.7
425600.0 0.7
425700.0 0.7
425800.0 0.7
425900.0 0.7
426000.0 0.7
426100.0 0.7
426200.0 0.7
426300.0 0.7
426400.0 0.7
426500.0 0.7
426600.0 0.7
426700.0 0.7
426800.0 0.7
426900.0 0.7
427000.0 0.7
427100.0 0.7
427200.0 0.7
427300.0 0.7
427400.0 0.7
427500.0 0.7
427600.0 0.7
427700.0 0.7
427800.0 0.7
427900.0 0.7
428000.0 0.7
428100.0 0.7
428200.0 0.7
428300.0 0.7
428400.0 0.7
428500.0 0.7
428600.0 0.7
428700.0 0.7
428800.0 0.7
428900.0 0.7
429000.0 0.7
429100.0 0.7
429200.0 0.7
429300.0 0.7
429400.0 0.7
429500.0 0.7
429600.0 0.7
429700.0 0.7
429800.0 0.7
429900.0 0.7
430000.0 0.7
430100.0 0.7
430200.0 0.7
430300.0 0.7
430400.0 0.7
430500.0 0.7
430600.0 0.7
430700.0 0.7
430800.0 0.7
430900.0 0.7
431000.0 0.7
431100.0 0.7
431200.0 0.7
431300.0 0.7
431400.0 0.7
431500.0 0.7
431600.0 0.7
431700.0 0.7
431800.0 0.7
431900.0 0.7
432000.0 0.7
432100.0 0.7
432200.0 0.7
432300.0 0.7
432400.0 0.7
432500.0 0.7
432600.0 0.7
432700.0 0.7
432800.0 0.7
432900.0 0.7
433000.0 0.7
433100.0 0.7
433200.0 0.7
433300.0 0.7
433400.0 0.7
433500.0 0.7
433600.0 0.7
433700.0 0.7
433800.0 0.7
433900.0 0.7
434000.0 0.7
434100.0 0.7
434200.0 0.7
434300.0 0.7
434400.0 0.7
434500.0 0.7
434600.0 0.7
434700.0 0.7
434800.0 0.7
434900.0 0.7
435000.0 0.7
435100.0 0.7
435200.0 0.7
435300.0 0.7
435400.0 0.7
435500.0 0.7
435600.0 0.7
435700.0 0.7
435800.0 0.7
435900.0 0.7
436000.0 0.7
436100.0 0.7
436200.0 0.7
436300.0 0.7
436400.0 0.7
436500.0 0.7
436600.0 0.7
436700.0 0.7
436800.0 0.7
436900.0 0.7
437000.0 0.7
437100.0 0.7
437200.0 0.7
437300.0 0.7
437400.0 0.7
437500.0 0.7
437600.0 0.7
437700.0 0.7
437800.0 0.7
437900.0 0.7
438000.0 0.7
438100.0 0.7
438200.0 0.7
438300.0 0.7
438400.0 0.7
438500.0 0.7
438600.0 0.7
438700.0 0.7
438800.0 0.7
438900.0 0.7
439000.0 0.7
439100.0 0.7
439200.0 0.7
439300.0 0.7
439400.0 0.7
439500.0 0.7
439600.0 0.7
439700.0 0.7
439800.0 0.7
439900.0 0.7
440000.0 0.7
440100.0 0.7
440200.0 0.7
440300.0 0.7
440400.0 0.7
440500.0 0.7
440600.0 0.7
440700.0 0.7
440800.0 0.7
440900.0 0.7
441000.0 0.7
441100.0 0.7
441200.0 0.7
441300.0 0.7
441400.0 0.7
441500.0 0.7
441600.0 0.7
441700.0 0.7
441800.0 0.7
441900.0 0.7
442000.0 0.7
442100.0 0.7
442200.0 0.7
442300.0 0.7
442400.0 0.7
442500.0 0.7
442600.0 0.7
442700.0 0.7
442800.0 0.7
442900.0 0.7
443000.0 0.7
443100.0 0.7
443200.0 0.7
443300.0 0.7
443400.0 0.7
443500.0 0.7
443600.0 0.7
443700.0 0.7
443800.0 0.7
443900.0 0.7
444000.0 0.7
444100.0 0.7
444200.0 0.7
444300.0 0.7
444400.0 0.7
444500.0 0.7
444600.0 0.7
444700.0 0.7
444800.0 0.7
444900.0 0.7
445000.0 0.7
445100.0 0.7
445200.0 0.7
445300.0 0.7
445400.0 0.7
445500.0 0.7
445600.0 0.7
445700.0 0.7
445800.0 0.7
445900.0 0.7
446000.0 0.7
446100.0 0.7
446200.0 0.7
446300.0 0.7
446400.0 0.7
446500.0 0.7
446600.0 0.7
446700.0 0.7
446800.0 0.7
446900.0 0.7
447000.0 0.7
447100.0 0.7
447200.0 0.7
447300.0 0.7
447400.0 0.7
447500.0 0.7
447600.0 0.7
447700.0 0.7
447800.0 0.7
447900.0 0.7
448000.0 0.7
448100.0 0.7
448200.0 0.7
448300.0 0.7
448400.0 0.7
448500.0 0.7
448600.0 0.7
448700.0 0.7
448800.0 0.7
448900.0 0.7
449000.0 0.7
449100.0 0.7
449200.0 0.7
449300.0 0.7
449400.0 0.7
449500.0 0.7
449600.0 0.7
449700.0 0.7
449800.0 0.7
449900.0 0.7
450000.0 0.7
450100.0 0.7
450200.0 0.7
450300.0 0.7
450400.0 0.7
450500.0 0.7
450600.0 0.7
450700.0 0.7
450800.0 0.7
450900.0 0.7
451000.0 0.7
451100.0 0.7
451200.0 0.7
451300.0 0.7
451400.0 0.7
451500.0 0.7
451600.0 0.7
451700.0 0.7
451800.0 0.7
451900.0 0.7
452000.0 0.7
452100.0 0.7
452200.0 0.7
452300.0 0.7
452400.0 0.7
452500.0 0.7
452600.0 0.7
452700.0 0.7
452800.0 0.7
452900.0 0.7
453000.0 0.7
453100.0 0.7
453200.0 0.7
453300.0 0.7
453400.0 0.7
453500.0 0.7
453600.0 0.7
453700.0 0.7
453800.0 0.7
453900.0 0.7
454000.0 0.7
454100.0 0.7
454200.0 0.7
454300.0 0.7
454400.0 0.7
454500.0 0.7
454600.0 0.7
454700.0 0.7
454800.0 0.7
454900.0 0.7
455000.0 0.7
455100.0 0.7
455200.0 0.7
455300.0 0.7
455400.0 0.7
455500.0 0.7
455600.0 0.7
455700.0 0.7
455800.0 0.7
455900.0 0.7
456000.0 0.7
456100.0 0.7
456200.0 0.7
456300.0 0.7
456400.0 0.7
456500.0 0.7
456600.0 0.7
456700.0 0.7
456800.0 0.7
456900.0 0.7
457000.0 0.7
457100.0 0.7
457200.0 0.7
457300.0 0.7
457400.0 0.7
457500.0 0.7
457600.0 0.7
457700.0 0.7
457800.0 0.7
457900.0 0.7
458000.0 0.7
458100.0 0.7
458200.0 0.7
458300.0 0.7
458400.0 0.7
458500.0 0.7
458600.0 0.7
458700.0 0.7
458800.0 0.7
458900.0 0.7
459000.0 0.7
459100.0 0.7
459200.0 0.7
459300.0 0.7
459400.0 0.7
459500.0 0.7
459600.0 0.7
459700.0 0.7
459800.0 0.7
459900.0 0.7
460000.0 0.7
460100.0 0.7
460200.0 0.7
460300.0 0.7
460400.0 0.7
460500.0 0.7
460600.0 0.7
460700.0 0.7
460800.0 0.7
460900.0 0.7
461000.0 0.7
461100.0 0.7
461200.0 0.7
461300.0 0.7
461400.0 0.7
461500.0 0.7
461600.0 0.7
461700.0 0.7
461800.0 0.7
461900.0 0.7
462000.0 0.7
462100.0 0.7
462200.0 0.7
462300.0 0.7
462400.0 0.7
462500.0 0.7
462600.0 0.7
462700.0 0.7
462800.0 0.7
462900.0 0.7
463000.0 0.7
463100.0 0.7
463200.0 0.7
463300.0 0.7
463400.0 0.7
463500.0 0.7
463600.0 0.7
463700.0 0.7
463800.0 0.7
463900.0 0.7
464000.0 0.7
464100.0 0.7
464200.0 0.7
464300.0 0.7
464400.0 0.7
464500.0 0.7
464600.0 0.7
464700.0 0.7
464800.0 0.7
464900.0 0.7
465000.0 0.7
465100.0 0.7
465200.0 0.7
465300.0 0.7
465400.0 0.7
465500.0 0.7
465600.0 0.7
465700.0 0.7
465800.0 0.7
465900.0 0.7
466000.0 0.7
466100.0 0.7
466200.0 0.7
466300.0 0.7
466400.0 0.7
466500.0 0.7
466600.0 0.7
466700.0 0.7
466800.0 0.7
466900.0 0.7
467000.0 0.7
467100.0 0.7
467200.0 0.7
467300.0 0.7
467400.0 0.7
467500.0 0.7
467600.0 0.7
467700.0 0.7
467800.0 0.7
467900.0 0.7
468000.0 0.7
468100.0 0.7
468200.0 0.7
468300.0 0.7
468400.0 0.7
468500.0 0.7
468600.0 0.7
468700.0 0.7
468800.0 0.7
468900.0 0.7
469000.0 0.7
469100.0 0.7
469200.0 0.7
469300.0 0.7
469400.0 0.7
469500.0 0.7
469600.0 0.7
469700.0 0.7
469800.0 0.7
469900.0 0.7
470000.0 0.7
470100.0 0.7
470200.0 0.7
470300.0 0.7
470400.0 0.7
470500.0 0.7
470600.0 0.7
470700.0 0.7
470800.0 0.7
470900.0 0.7
471000.0 0.7
471100.0 0.7
471200.0 0.7
471300.0 0.7
471400.0 0.7
471500.0 0.7
471600.0 0.7
471700.0 0.7
471800.0 0.7
471900.0 0.7
472000.0 0.7
472100.0 0.7
472200.0 0.7
472300.0 0.7
472400.0 0.7
472500.0 0.7
472600.0 0.7
472700.0 0.7
472800.0 0.7
472900.0 0.7
473000.0 0.7
473100.0 0.7
473200.0 0.7
473300.0 0.7
473400.0 0.7
473500.0 0.7
473600.0 0.7
473700.0 0.7
473800.0 0.7
473900.0 0.7
474000.0 0.7
474100.0 0.7
474200.0 0.7
474300.0 0.7
474400.0 0.7
474500.0 0.7
474600.0 0.7
474700.0 0.7
474800.0 0.7
474900.0 0.7
475000.0 0.7
475100.0 0.7
475200.0 0.7
475300.0 0.7
475400.0 0.7
475500.0 0.7
475600.0 0.7
475700.0 0.7
475800.0 0.7
475900.0 0.7
476000.0 0.7
476100.0 0.7
476200.0 0.7
476300.0 0.7
476400.0 0.7
476500.0 0.7
476600.0 0.7
476700.0 0.7
476800.0 0.7
476900.0 0.7
477000.0 0.7
477100.0 0.7
477200.0 0.7
477300.0 0.7
477400.0 0.7
477500.0 0.7
477600.0 0.7
477700.0 0.7
477800.0 0.7
477900.0 0.7
478000.0 0.7
478100.0 0.7
478200.0 0.7
478300.0 0.7
478400.0 0.7
478500.0 0.7
478600.0 0.7
478700.0 0.7
478800.0 0.7
478900.0 0.7
479000.0 0.7
479100.0 0.7
479200.0 0.7
479300.0 0.7
479400.0 0.7
479500.0 0.7
479600.0 0.7
479700.0 0.7
479800.0 0.7
479900.0 0.7
480000.0 0.7
480100.0 0.7
480200.0 0.7
480300.0 0.7
480400.0 0.7
480500.0 0.7
480600.0 0.7
480700.0 0.7
480800.0 0.7
480900.0 0.7
481000.0 0.7
481100.0 0.7
481200.0 0.7
481300.0 0.7
481400.0 0.7
481500.0 0.7
481600.0 0.7
481700.0 0.7
481800.0 0.7
481900.0 0.7
482000.0 0.7
482100.0 0.7
482200.0 0.7
482300.0 0.7
482400.0 0.7
482500.0 0.7
482600.0 0.7
482700.0 0.7
482800.0 0.7
482900.0 0.7
483000.0 0.7
483100.0 0.7
483200.0 0.7
483300.0 0.7
483400.0 0.7
483500.0 0.7
483600.0 0.7
483700.0 0.7
483800.0 0.7
483900.0 0.7
484000.0 0.7
484100.0 0.7
484200.0 0.7
484300.0 0.7
484400.0 0.7
484500.0 0.7
484600.0 0.7
484700.0 0.7
484800.0 0.7
484900.0 0.7
485000.0 0.7
485100.0 0.7
485200.0 0.7
485300.0 0.7
485400.0 0.7
485500.0 0.7
485600.0 0.7
485700.0 0.7
485800.0 0.7
485900.0 0.7
486000.0 0.7
486100.0 0.7
486200.0 0.7
486300.0 0.7
486400.0 0.7
486500.0 0.7
486600.0 0.7
486700.0 0.7
486800.0 0.7
486900.0 0.7
487000.0 0.7
487100.0 0.7
487200.0 0.7
487300.0 0.7
487400.0 0.7
487500.0 0.7
487600.0 0.7
487700.0 0.7
487800.0 0.7
487900.0 0.7
488000.0 0.7
488100.0 0.7
488200.0 0.7
488300.0 0.7
488400.0 0.7
488500.0 0.7
488600.0 0.7
488700.0 0.7
488800.0 0.7
488900.0 0.7
489000.0 0.7
489100.0 0.7
489200.0 0.7
489300.0 0.7
489400.0 0.7
489500.0 0.7
489600.0 0.7
489700.0 0.7
489800.0 0.7
489900.0 0.7
490000.0 0.7
490100.0 0.7
490200.0 0.7
490300.0 0.7
490400.0 0.7
490500.0 0.7
490600.0 0.7
490700.0 0.7
490800.0 0.7
490900.0 0.7
491000.0 0.7
491100.0 0.7
491200.0 0.7
491300.0 0.7
491400.0 0.7
491500.0 0.7
491600.0 0.7
491700.0 0.7
491800.0 0.7
491900.0 0.7
492000.0 0.7
492100.0 0.7
492200.0 0.7
492300.0 0.7
492400.0 0.7
492500.0 0.7
492600.0 0.7
492700.0 0.7
492800.0 0.7
492900.0 0.7
493000.0 0.7
493100.0 0.7
493200.0 0.7
493300.0 0.7
493400.0 0.7
493500.0 0.7
493600.0 0.7
493700.0 0.7
493800.0 0.7
493900.0 0.7
494000.0 0.7
494100.0 0.7
494200.0 0.7
494300.0 0.7
494400.0 0.7
494500.0 0.7
494600.0 0.7
494700.0 0.7
494800.0 0.7
494900.0 0.7
495000.0 0.7
495100.0 0.7
495200.0 0.7
495300.0 0.7
495400.0 0.7
495500.0 0.7
495600.0 0.7
495700.0 0.7
495800.0 0.7
495900.0 0.7
496000.0 0.7
496100.0 0.7
496200.0 0.7
496300.0 0.7
496400.0 0.7
496500.0 0.7
496600.0 0.7
496700.0 0.7
496800.0 0.7
496900.0 0.7
497000.0 0.7
497100.0 0.7
497200.0 0.7
497300.0 0.7
497400.0 0.7
497500.0 0.7
497600.0 0.7
497700.0 0.7
497800.0 0.7
497900.0 0.7
498000.0 0.7
498100.0 0.7
498200.0 0.7
498300.0 0.7
498400.0 0.7
498500.0 0.7
498600.0 0.7
498700.0 0.7
498800.0 0.7
498900.0 0.7
499000.0 0.7
499100.0 0.7
499200.0 0.7
499300.0 0.7
499400.0 0.7
499500.0 0.7
499600.0 0.7
499700.0 0.7
499800.0 0.7
499900.0 0.7
500000.0 0.7
