100.0 20.2
200.0 16.3
300.0 16.3
400.0 16.4
500.0 18.2
600.0 18.5
700.0 18.0
800.0 17.5
900.0 18.6
1000.0 16.7
1100.0 16.6
1200.0 18.0
1300.0 18.2
1400.0 15.4
1500.0 16.0
1600.0 15.2
1700.0 17.0
1800.0 16.4
1900.0 14.1
2000.0 16.3
2100.0 16.9
2200.0 16.1
2300.0 16.6
2400.0 17.0
2500.0 16.8
2600.0 15.6
2700.0 15.8
2800.0 16.3
2900.0 17.4
3000.0 14.6
3100.0 16.2
3200.0 17.5
3300.0 16.4
3400.0 15.4
3500.0 18.7
3600.0 16.4
3700.0 17.5
3800.0 15.7
3900.0 16.1
4000.0 16.4
4100.0 18.4
4200.0 16.7
4300.0 17.6
4400.0 15.8
4500.0 16.7
4600.0 16.7
4700.0 17.9
4800.0 16.8
4900.0 18.2
5000.0 17.8
5100.0 16.6
5200.0 17.6
5300.0 16.0
5400.0 17.2
5500.0 17.7
5600.0 16.9
5700.0 16.1
5800.0 16.4
5900.0 18.0
6000.0 18.5
6100.0 17.0
6200.0 14.7
6300.0 16.6
6400.0 15.2
6500.0 16.1
6600.0 16.8
6700.0 15.5
6800.0 15.0
6900.0 13.6
7000.0 14.3
7100.0 16.9
7200.0 19.3
7300.0 17.3
7400.0 18.0
7500.0 17.4
7600.0 18.0
7700.0 16.9
7800.0 16.4
7900.0 15.9
8000.0 17.0
8100.0 17.6
8200.0 18.3
8300.0 17.2
8400.0 19.0
8500.0 17.7
8600.0 18.2
8700.0 17.4
8800.0 18.2
8900.0 18.9
9000.0 18.2
9100.0 16.8
9200.0 18.4
9300.0 17.0
9400.0 17.6
9500.0 18.0
9600.0 16.3
9700.0 15.7
9800.0 15.1
9900.0 17.7
10000.0 16.9
10100.0 19.1
10200.0 17.7
10300.0 16.5
10400.0 18.1
10500.0 17.7
10600.0 16.3
10700.0 18.4
10800.0 17.7
10900.0 17.3
11000.0 18.3
11100.0 16.8
11200.0 18.2
11300.0 19.1
11400.0 16.6
11500.0 15.9
11600.0 16.2
11700.0 16.3
11800.0 18.3
11900.0 17.7
12000.0 17.8
12100.0 17.8
12200.0 18.6
12300.0 17.0
12400.0 16.8
12500.0 16.6
12600.0 15.0
12700.0 16.3
12800.0 16.9
12900.0 17.5
13000.0 17.4
13100.0 17.6
13200.0 16.2
13300.0 15.8
13400.0 16.0
13500.0 14.9
13600.0 17.0
13700.0 15.8
13800.0 17.1
13900.0 19.2
14000.0 17.7
14100.0 16.5
14200.0 17.3
14300.0 17.1
14400.0 17.8
14500.0 17.4
14600.0 18.2
14700.0 18.1
14800.0 16.6
14900.0 17.4
15000.0 16.8
15100.0 18.0
15200.0 16.7
15300.0 18.1
15400.0 16.7
15500.0 17.9
15600.0 17.4
15700.0 19.7
15800.0 18.0
15900.0 17.2
16000.0 17.4
16100.0 17.4
16200.0 17.0
16300.0 15.3
16400.0 14.4
16500.0 15.3
16600.0 15.3
16700.0 13.5
16800.0 16.0
16900.0 14.8
17000.0 17.5
17100.0 18.5
17200.0 17.2
17300.0 15.3
17400.0 14.8
17500.0 17.0
17600.0 16.1
17700.0 17.1
17800.0 17.1
17900.0 16.7
18000.0 15.1
18100.0 14.7
18200.0 14.0
18300.0 14.9
18400.0 15.9
18500.0 14.4
18600.0 14.9
18700.0 17.2
18800.0 18.1
18900.0 18.2
19000.0 17.0
19100.0 17.3
19200.0 17.0
19300.0 17.2
19400.0 17.5
19500.0 15.9
19600.0 15.0
19700.0 16.5
19800.0 13.9
19900.0 16.0
20000.0 18.2
20100.0 16.2
20200.0 16.5
20300.0 19.2
20400.0 18.6
20500.0 19.0
20600.0 18.5
20700.0 16.5
20800.0 17.9
20900.0 17.0
21000.0 17.1
21100.0 15.5
21200.0 16.8
21300.0 16.2
21400.0 18.3
21500.0 17.3
21600.0 17.2
21700.0 18.2
21800.0 16.7
21900.0 16.8
22000.0 17.6
22100.0 17.8
22200.0 15.4
22300.0 16.5
22400.0 15.9
22500.0 17.3
22600.0 17.9
22700.0 15.4
22800.0 16.3
22900.0 16.1
23000.0 16.8
23100.0 17.0
23200.0 17.4
23300.0 16.1
23400.0 15.4
23500.0 16.3
23600.0 17.0
23700.0 15.3
23800.0 16.1
23900.0 16.2
24000.0 15.7
24100.0 18.0
24200.0 16.9
24300.0 16.3
24400.0 15.5
24500.0 16.8
24600.0 16.8
24700.0 17.0
24800.0 15.4
24900.0 16.1
25000.0 17.3
25100.0 16.1
25200.0 19.1
25300.0 17.0
25400.0 18.0
25500.0 18.1
25600.0 17.0
25700.0 15.9
25800.0 18.3
25900.0 17.3
26000.0 16.7
26100.0 15.9
26200.0 17.1
26300.0 16.6
26400.0 16.9
26500.0 18.9
26600.0 17.6
26700.0 16.1
26800.0 16.7
26900.0 15.8
27000.0 16.3
27100.0 14.6
27200.0 16.6
27300.0 16.2
27400.0 16.9
27500.0 16.4
27600.0 16.4
27700.0 16.5
27800.0 17.1
27900.0 14.0
28000.0 14.5
28100.0 15.2
28200.0 15.1
28300.0 15.2
28400.0 15.5
28500.0 14.4
28600.0 14.8
28700.0 14.0
28800.0 16.6
28900.0 16.3
29000.0 16.1
29100.0 15.6
29200.0 16.0
29300.0 16.1
29400.0 14.0
29500.0 15.3
29600.0 16.2
29700.0 15.9
29800.0 15.6
29900.0 15.4
30000.0 15.6
30100.0 15.3
30200.0 14.3
30300.0 14.4
30400.0 14.8
30500.0 14.7
30600.0 15.3
30700.0 15.4
30800.0 15.5
30900.0 15.3
31000.0 15.1
31100.0 15.7
31200.0 16.1
31300.0 14.2
31400.0 15.9
31500.0 15.5
31600.0 15.1
31700.0 15.5
31800.0 15.4
31900.0 16.1
32000.0 15.2
32100.0 14.6
32200.0 14.6
32300.0 15.9
32400.0 15.6
32500.0 17.3
32600.0 17.8
32700.0 15.5
32800.0 14.6
32900.0 14.9
33000.0 17.1
33100.0 17.3
33200.0 15.9
33300.0 17.2
33400.0 15.1
33500.0 17.1
33600.0 17.8
33700.0 15.6
33800.0 14.1
33900.0 15.3
34000.0 15.0
34100.0 15.6
34200.0 15.0
34300.0 14.6
34400.0 15.0
34500.0 14.8
34600.0 16.0
34700.0 16.4
34800.0 16.8
34900.0 15.1
35000.0 17.4
35100.0 17.5
35200.0 17.3
35300.0 16.1
35400.0 14.7
35500.0 17.0
35600.0 16.9
35700.0 16.2
35800.0 15.6
35900.0 17.3
36000.0 17.1
36100.0 16.4
36200.0 14.4
36300.0 15.4
36400.0 15.3
36500.0 14.7
36600.0 11.7
36700.0 14.1
36800.0 14.8
36900.0 14.8
37000.0 16.1
37100.0 14.3
37200.0 16.2
37300.0 15.3
37400.0 17.1
37500.0 16.6
37600.0 17.1
37700.0 16.6
37800.0 14.2
37900.0 16.0
38000.0 16.4
38100.0 17.3
38200.0 18.0
38300.0 16.0
38400.0 17.4
38500.0 15.0
38600.0 12.8
38700.0 14.1
38800.0 15.8
38900.0 14.4
39000.0 13.4
39100.0 13.8
39200.0 14.7
39300.0 15.1
39400.0 16.1
39500.0 16.3
39600.0 16.5
39700.0 16.8
39800.0 15.6
39900.0 15.8
40000.0 14.0
40100.0 15.7
40200.0 14.5
40300.0 13.8
40400.0 15.9
40500.0 14.1
40600.0 14.7
40700.0 16.1
40800.0 16.9
40900.0 15.5
41000.0 16.1
41100.0 15.3
41200.0 15.3
41300.0 15.8
41400.0 15.5
41500.0 15.3
41600.0 17.8
41700.0 15.8
41800.0 14.8
41900.0 15.0
42000.0 14.2
42100.0 13.8
42200.0 14.0
42300.0 15.1
42400.0 16.1
42500.0 17.4
42600.0 17.5
42700.0 15.9
42800.0 15.0
42900.0 16.3
43000.0 14.2
43100.0 16.5
43200.0 15.4
43300.0 15.2
43400.0 15.2
43500.0 15.2
43600.0 15.7
43700.0 14.5
43800.0 14.7
43900.0 14.2
44000.0 14.8
44100.0 16.8
44200.0 16.5
44300.0 16.4
44400.0 17.7
44500.0 14.3
44600.0 14.3
44700.0 15.5
44800.0 14.0
44900.0 12.3
45000.0 13.3
45100.0 13.8
45200.0 13.4
45300.0 14.2
45400.0 15.5
45500.0 15.0
45600.0 13.6
45700.0 15.2
45800.0 13.0
45900.0 14.9
46000.0 15.7
46100.0 14.4
46200.0 12.9
46300.0 14.5
46400.0 14.4
46500.0 15.3
46600.0 13.6
46700.0 15.8
46800.0 14.1
46900.0 14.7
47000.0 13.3
47100.0 15.7
47200.0 15.2
47300.0 17.0
47400.0 13.6
47500.0 12.5
47600.0 14.3
47700.0 13.6
47800.0 13.9
47900.0 16.0
48000.0 15.1
48100.0 12.9
48200.0 13.1
48300.0 14.9
48400.0 13.5
48500.0 16.8
48600.0 15.8
48700.0 14.3
48800.0 15.1
48900.0 12.6
49000.0 16.2
49100.0 14.8
49200.0 14.1
49300.0 15.3
49400.0 15.1
49500.0 14.7
49600.0 15.6
49700.0 14.2
49800.0 16.5
49900.0 14.7
50000.0 13.5
50100.0 16.0
50200.0 14.8
50300.0 14.9
50400.0 17.0
50500.0 16.0
50600.0 16.0
50700.0 14.0
50800.0 13.5
50900.0 14.9
51000.0 15.5
51100.0 12.7
51200.0 14.1
51300.0 15.1
51400.0 11.7
51500.0 13.8
51600.0 11.4
51700.0 14.4
51800.0 14.2
51900.0 13.3
52000.0 12.9
52100.0 14.4
52200.0 13.6
52300.0 14.0
52400.0 14.3
52500.0 14.1
52600.0 14.2
52700.0 12.4
52800.0 12.2
52900.0 12.2
53000.0 12.4
53100.0 14.9
53200.0 14.6
53300.0 12.3
53400.0 13.0
53500.0 15.2
53600.0 14.5
53700.0 15.2
53800.0 13.9
53900.0 16.2
54000.0 16.2
54100.0 15.6
54200.0 12.7
54300.0 12.9
54400.0 14.8
54500.0 13.9
54600.0 13.7
54700.0 13.6
54800.0 13.5
54900.0 14.6
55000.0 13.1
55100.0 12.6
55200.0 12.8
55300.0 13.5
55400.0 14.7
55500.0 16.3
55600.0 14.1
55700.0 14.9
55800.0 15.5
55900.0 13.5
56000.0 13.6
56100.0 12.6
56200.0 13.2
56300.0 13.2
56400.0 13.4
56500.0 13.1
56600.0 15.4
56700.0 15.7
56800.0 14.7
56900.0 13.5
57000.0 13.7
57100.0 13.5
57200.0 12.3
57300.0 13.0
57400.0 12.8
57500.0 12.1
57600.0 15.3
57700.0 15.1
57800.0 15.6
57900.0 17.4
58000.0 15.7
58100.0 15.2
58200.0 14.2
58300.0 13.8
58400.0 13.2
58500.0 14.9
58600.0 13.4
58700.0 15.0
58800.0 15.1
58900.0 14.2
59000.0 13.1
59100.0 13.6
59200.0 13.1
59300.0 13.5
59400.0 12.8
59500.0 12.6
59600.0 13.1
59700.0 14.2
59800.0 13.8
59900.0 12.0
60000.0 12.2
60100.0 13.6
60200.0 14.0
60300.0 14.6
60400.0 14.4
60500.0 14.3
60600.0 14.1
60700.0 13.7
60800.0 14.0
60900.0 14.7
61000.0 14.4
61100.0 15.2
61200.0 12.3
61300.0 12.9
61400.0 11.3
61500.0 14.0
61600.0 12.2
61700.0 12.6
61800.0 12.9
61900.0 13.5
62000.0 13.2
62100.0 12.4
62200.0 10.9
62300.0 13.4
62400.0 11.9
62500.0 13.2
62600.0 13.5
62700.0 14.0
62800.0 14.9
62900.0 11.6
63000.0 13.3
63100.0 12.7
63200.0 12.0
63300.0 12.4
63400.0 13.4
63500.0 11.5
63600.0 10.5
63700.0 12.1
63800.0 11.5
63900.0 13.5
64000.0 13.0
64100.0 13.3
64200.0 12.9
64300.0 13.3
64400.0 13.0
64500.0 13.1
64600.0 13.1
64700.0 12.9
64800.0 11.2
64900.0 11.1
65000.0 10.1
65100.0 10.9
65200.0 13.0
65300.0 14.3
65400.0 14.4
65500.0 13.9
65600.0 11.8
65700.0 12.8
65800.0 11.9
65900.0 12.4
66000.0 13.3
66100.0 12.8
66200.0 11.5
66300.0 13.3
66400.0 13.7
66500.0 12.5
66600.0 13.2
66700.0 13.1
66800.0 14.2
66900.0 12.8
67000.0 13.4
67100.0 12.9
67200.0 10.6
67300.0 11.9
67400.0 12.5
67500.0 13.2
67600.0 11.7
67700.0 12.2
67800.0 12.8
67900.0 11.9
68000.0 12.5
68100.0 13.9
68200.0 11.2
68300.0 11.0
68400.0 10.5
68500.0 12.2
68600.0 12.2
68700.0 13.6
68800.0 12.1
68900.0 13.5
69000.0 11.8
69100.0 11.8
69200.0 12.0
69300.0 12.1
69400.0 10.5
69500.0 12.2
69600.0 13.4
69700.0 13.6
69800.0 12.8
69900.0 12.2
70000.0 13.1
70100.0 12.0
70200.0 11.9
70300.0 12.1
70400.0 13.4
70500.0 14.9
70600.0 12.5
70700.0 13.7
70800.0 13.0
70900.0 13.1
71000.0 12.6
71100.0 11.1
71200.0 10.6
71300.0 10.2
71400.0 9.6
71500.0 10.0
71600.0 11.7
71700.0 12.7
71800.0 11.6
71900.0 12.7
72000.0 11.3
72100.0 11.6
72200.0 11.3
72300.0 12.2
72400.0 11.2
72500.0 12.2
72600.0 11.5
72700.0 11.0
72800.0 10.2
72900.0 10.7
73000.0 11.2
73100.0 11.6
73200.0 13.4
73300.0 13.5
73400.0 11.2
73500.0 11.1
73600.0 11.6
73700.0 12.5
73800.0 13.1
73900.0 12.1
74000.0 12.8
74100.0 11.5
74200.0 11.1
74300.0 10.9
74400.0 10.4
74500.0 11.1
74600.0 12.5
74700.0 12.0
74800.0 12.5
74900.0 11.1
75000.0 9.9
75100.0 11.5
75200.0 11.9
75300.0 11.4
75400.0 13.4
75500.0 11.7
75600.0 10.8
75700.0 11.5
75800.0 10.7
75900.0 12.6
76000.0 12.1
76100.0 11.8
76200.0 11.0
76300.0 9.9
76400.0 9.3
76500.0 8.7
76600.0 8.8
76700.0 8.7
76800.0 9.0
76900.0 10.3
77000.0 9.6
77100.0 9.6
77200.0 10.6
77300.0 9.7
77400.0 8.3
77500.0 10.1
77600.0 9.9
77700.0 11.3
77800.0 10.1
77900.0 9.2
78000.0 10.9
78100.0 8.9
78200.0 11.0
78300.0 10.1
78400.0 8.9
78500.0 9.9
78600.0 10.0
78700.0 10.6
78800.0 11.2
78900.0 11.1
79000.0 9.2
79100.0 11.0
79200.0 11.6
79300.0 9.6
79400.0 9.6
79500.0 11.4
79600.0 10.8
79700.0 11.7
79800.0 12.2
79900.0 11.5
80000.0 10.1
80100.0 10.6
80200.0 9.7
80300.0 9.5
80400.0 10.8
80500.0 10.6
80600.0 11.0
80700.0 9.0
80800.0 11.7
80900.0 11.8
81000.0 10.8
81100.0 10.2
81200.0 8.4
81300.0 10.4
81400.0 7.9
81500.0 9.6
81600.0 9.1
81700.0 9.9
81800.0 8.9
81900.0 9.4
82000.0 9.8
82100.0 10.7
82200.0 9.7
82300.0 9.0
82400.0 9.4
82500.0 8.8
82600.0 8.9
82700.0 10.1
82800.0 10.3
82900.0 10.3
83000.0 10.4
83100.0 10.2
83200.0 11.6
83300.0 11.6
83400.0 9.9
83500.0 10.0
83600.0 9.5
83700.0 9.5
83800.0 11.0
83900.0 10.6
84000.0 8.3
84100.0 10.4
84200.0 9.2
84300.0 11.0
84400.0 10.6
84500.0 12.0
84600.0 9.8
84700.0 10.4
84800.0 10.6
84900.0 10.2
85000.0 11.9
85100.0 12.8
85200.0 11.6
85300.0 11.7
85400.0 10.2
85500.0 9.7
85600.0 10.0
85700.0 10.4
85800.0 9.2
85900.0 9.5
86000.0 12.3
86100.0 11.2
86200.0 10.6
86300.0 11.1
86400.0 13.2
86500.0 12.4
86600.0 9.7
86700.0 10.0
86800.0 10.4
86900.0 9.8
87000.0 8.8
87100.0 10.0
87200.0 9.1
87300.0 9.7
87400.0 9.7
87500.0 10.5
87600.0 10.5
87700.0 9.6
87800.0 9.1
87900.0 10.5
88000.0 9.9
88100.0 8.7
88200.0 10.6
88300.0 8.6
88400.0 7.0
88500.0 8.4
88600.0 8.5
88700.0 7.5
88800.0 8.4
88900.0 7.6
89000.0 8.0
89100.0 7.1
89200.0 8.2
89300.0 9.3
89400.0 9.7
89500.0 9.7
89600.0 9.7
89700.0 8.2
89800.0 7.6
89900.0 9.9
90000.0 9.1
90100.0 8.8
90200.0 9.3
90300.0 10.2
90400.0 8.6
90500.0 9.6
90600.0 8.3
90700.0 8.7
90800.0 9.0
90900.0 9.0
91000.0 9.0
91100.0 9.2
91200.0 8.7
91300.0 10.0
91400.0 9.1
91500.0 10.0
91600.0 10.1
91700.0 9.9
91800.0 9.8
91900.0 7.8
92000.0 9.7
92100.0 7.9
92200.0 8.6
92300.0 8.7
92400.0 9.0
92500.0 8.6
92600.0 8.6
92700.0 5.9
92800.0 7.9
92900.0 8.6
93000.0 8.5
93100.0 9.2
93200.0 9.6
93300.0 9.6
93400.0 7.9
93500.0 10.5
93600.0 8.2
93700.0 9.8
93800.0 8.3
93900.0 8.0
94000.0 8.6
94100.0 7.2
94200.0 8.2
94300.0 7.2
94400.0 8.5
94500.0 7.7
94600.0 8.3
94700.0 9.3
94800.0 10.3
94900.0 9.6
95000.0 9.6
95100.0 10.4
95200.0 9.5
95300.0 8.7
95400.0 9.3
95500.0 9.0
95600.0 7.5
95700.0 8.5
95800.0 8.2
95900.0 7.6
96000.0 7.4
96100.0 7.9
96200.0 8.0
96300.0 7.5
96400.0 9.4
96500.0 7.6
96600.0 7.9
96700.0 8.7
96800.0 8.3
96900.0 8.0
97000.0 7.7
97100.0 7.3
97200.0 7.4
97300.0 7.0
97400.0 7.5
97500.0 7.9
97600.0 7.4
97700.0 6.2
97800.0 5.5
97900.0 6.7
98000.0 6.7
98100.0 6.8
98200.0 8.3
98300.0 7.4
98400.0 7.2
98500.0 8.0
98600.0 6.6
98700.0 6.9
98800.0 7.6
98900.0 8.4
99000.0 8.2
99100.0 7.4
99200.0 8.8
99300.0 7.9
99400.0 6.2
99500.0 6.5
99600.0 7.2
99700.0 6.9
99800.0 7.3
99900.0 7.7
100000.0 7.8
100100.0 8.5
100200.0 7.5
100300.0 7.7
100400.0 7.0
100500.0 6.6
100600.0 7.7
100700.0 7.2
100800.0 6.3
100900.0 7.0
101000.0 7.0
101100.0 6.0
101200.0 7.3
101300.0 7.7
101400.0 7.3
101500.0 5.7
101600.0 5.6
101700.0 6.3
101800.0 5.8
101900.0 6.7
102000.0 7.3
102100.0 7.1
102200.0 6.1
102300.0 6.6
102400.0 6.1
102500.0 5.9
102600.0 7.2
102700.0 7.6
102800.0 7.0
102900.0 6.5
103000.0 7.6
103100.0 6.3
103200.0 5.2
103300.0 6.0
103400.0 6.2
103500.0 7.9
103600.0 7.5
103700.0 6.5
103800.0 8.5
103900.0 8.3
104000.0 8.8
104100.0 7.0
104200.0 7.1
104300.0 6.9
104400.0 6.7
104500.0 6.6
104600.0 6.7
104700.0 7.6
104800.0 6.8
104900.0 5.9
105000.0 5.6
105100.0 6.6
105200.0 6.5
105300.0 6.2
105400.0 5.4
105500.0 6.2
105600.0 7.4
105700.0 6.9
105800.0 7.2
105900.0 6.6
106000.0 6.9
106100.0 6.0
106200.0 6.3
106300.0 6.1
106400.0 6.6
106500.0 8.1
106600.0 7.7
106700.0 6.5
106800.0 5.0
106900.0 5.4
107000.0 5.6
107100.0 5.6
107200.0 5.9
107300.0 6.1
107400.0 4.7
107500.0 5.6
107600.0 5.9
107700.0 6.1
107800.0 7.6
107900.0 8.1
108000.0 6.2
108100.0 6.2
108200.0 4.8
108300.0 6.3
108400.0 5.8
108500.0 5.3
108600.0 5.9
108700.0 6.5
108800.0 7.1
108900.0 5.9
109000.0 5.9
109100.0 6.0
109200.0 5.8
109300.0 5.0
109400.0 5.7
109500.0 5.4
109600.0 5.5
109700.0 5.3
109800.0 5.7
109900.0 5.5
110000.0 6.3
110100.0 6.3
110200.0 5.7
110300.0 6.9
110400.0 6.0
110500.0 6.0
110600.0 6.6
110700.0 6.4
110800.0 6.8
110900.0 6.3
111000.0 6.1
111100.0 5.3
111200.0 5.9
111300.0 5.7
111400.0 5.6
111500.0 6.1
111600.0 4.9
111700.0 5.1
111800.0 4.3
111900.0 4.5
112000.0 4.4
112100.0 5.8
112200.0 5.7
112300.0 5.7
112400.0 4.8
112500.0 5.5
112600.0 4.6
112700.0 5.6
112800.0 5.8
112900.0 5.6
113000.0 6.1
113100.0 4.8
113200.0 5.7
113300.0 4.5
113400.0 5.4
113500.0 4.9
113600.0 3.6
113700.0 4.1
113800.0 4.1
113900.0 4.2
114000.0 4.8
114100.0 4.6
114200.0 4.8
114300.0 5.2
114400.0 4.4
114500.0 4.4
114600.0 5.2
114700.0 5.9
114800.0 5.7
114900.0 5.8
115000.0 6.8
115100.0 6.3
115200.0 6.0
115300.0 6.6
115400.0 6.2
115500.0 5.8
115600.0 7.3
115700.0 7.3
115800.0 7.2
115900.0 7.2
116000.0 6.8
116100.0 7.2
116200.0 5.3
116300.0 6.3
116400.0 5.8
116500.0 5.9
116600.0 5.3
116700.0 6.3
116800.0 5.6
116900.0 4.7
117000.0 5.0
117100.0 5.1
117200.0 6.0
117300.0 6.1
117400.0 6.6
117500.0 6.0
117600.0 6.4
117700.0 5.5
117800.0 4.8
117900.0 5.1
118000.0 4.6
118100.0 4.9
118200.0 4.5
118300.0 4.8
118400.0 4.2
118500.0 4.1
118600.0 5.5
118700.0 5.3
118800.0 5.5
118900.0 4.4
119000.0 4.1
119100.0 4.3
119200.0 4.1
119300.0 3.9
119400.0 3.2
119500.0 5.1
119600.0 4.9
119700.0 4.9
119800.0 4.7
119900.0 4.7
120000.0 4.3
120100.0 4.3
120200.0 4.9
120300.0 5.0
120400.0 4.2
120500.0 3.9
120600.0 4.1
120700.0 4.1
120800.0 4.2
120900.0 3.8
121000.0 4.7
121100.0 4.8
121200.0 4.0
121300.0 4.2
121400.0 4.0
121500.0 4.3
121600.0 3.8
121700.0 4.1
121800.0 4.1
121900.0 3.6
122000.0 4.3
122100.0 4.2
122200.0 3.8
122300.0 3.6
122400.0 3.6
122500.0 3.4
122600.0 2.8
122700.0 2.9
122800.0 3.0
122900.0 4.0
123000.0 4.0
123100.0 3.9
123200.0 4.3
123300.0 4.3
123400.0 4.2
123500.0 3.1
123600.0 3.9
123700.0 3.8
123800.0 3.9
123900.0 3.4
124000.0 3.9
124100.0 4.8
124200.0 4.4
124300.0 5.3
124400.0 5.0
124500.0 4.7
124600.0 3.9
124700.0 4.2
124800.0 4.1
124900.0 5.2
125000.0 5.7
125100.0 5.3
125200.0 4.8
125300.0 5.4
125400.0 4.5
125500.0 4.3
125600.0 3.7
125700.0 4.2
125800.0 4.7
125900.0 4.8
126000.0 3.5
126100.0 4.1
126200.0 4.5
126300.0 5.0
126400.0 5.2
126500.0 4.5
126600.0 4.6
126700.0 4.1
126800.0 3.7
126900.0 4.6
127000.0 4.3
127100.0 4.0
127200.0 5.0
127300.0 5.1
127400.0 5.0
127500.0 3.5
127600.0 3.6
127700.0 3.8
127800.0 4.9
127900.0 4.5
128000.0 3.8
128100.0 4.2
128200.0 4.1
128300.0 3.5
128400.0 4.0
128500.0 3.8
128600.0 3.1
128700.0 3.2
128800.0 3.3
128900.0 3.3
129000.0 3.3
129100.0 3.2
129200.0 3.8
129300.0 4.3
129400.0 3.8
129500.0 3.6
129600.0 2.4
129700.0 3.7
129800.0 2.9
129900.0 3.4
130000.0 3.4
130100.0 3.5
130200.0 3.5
130300.0 3.1
130400.0 3.9
130500.0 3.7
130600.0 3.9
130700.0 3.3
130800.0 3.6
130900.0 3.7
131000.0 3.3
131100.0 4.2
131200.0 3.4
131300.0 3.6
131400.0 3.5
131500.0 3.2
131600.0 3.2
131700.0 2.6
131800.0 3.9
131900.0 3.9
132000.0 4.0
132100.0 3.5
132200.0 3.2
132300.0 4.3
132400.0 3.7
132500.0 4.4
132600.0 3.8
132700.0 3.9
132800.0 3.2
132900.0 4.2
133000.0 3.4
133100.0 3.3
133200.0 3.7
133300.0 4.6
133400.0 3.0
133500.0 2.7
133600.0 3.0
133700.0 3.1
133800.0 3.2
133900.0 2.5
134000.0 2.7
134100.0 3.8
134200.0 3.0
134300.0 3.1
134400.0 2.8
134500.0 2.6
134600.0 2.6
134700.0 3.1
134800.0 3.7
134900.0 3.1
135000.0 3.8
135100.0 3.6
135200.0 3.3
135300.0 3.5
135400.0 3.9
135500.0 3.5
135600.0 3.0
135700.0 2.8
135800.0 2.9
135900.0 2.7
136000.0 2.6
136100.0 2.4
136200.0 2.3
136300.0 3.0
136400.0 3.2
136500.0 2.9
136600.0 3.1
136700.0 3.3
136800.0 3.3
136900.0 2.8
137000.0 3.4
137100.0 3.4
137200.0 2.4
137300.0 3.3
137400.0 3.0
137500.0 2.3
137600.0 2.6
137700.0 2.5
137800.0 2.7
137900.0 2.7
138000.0 2.8
138100.0 3.5
138200.0 3.4
138300.0 3.5
138400.0 3.4
138500.0 3.1
138600.0 2.7
138700.0 2.9
138800.0 3.0
138900.0 3.1
139000.0 2.6
139100.0 2.6
139200.0 2.5
139300.0 3.3
139400.0 3.8
139500.0 3.1
139600.0 2.8
139700.0 2.8
139800.0 2.8
139900.0 3.0
140000.0 3.3
140100.0 2.6
140200.0 1.8
140300.0 1.8
140400.0 2.6
140500.0 3.5
140600.0 3.3
140700.0 2.6
140800.0 2.6
140900.0 1.6
141000.0 1.9
141100.0 2.5
141200.0 3.0
141300.0 3.5
141400.0 2.6
141500.0 2.3
141600.0 2.9
141700.0 2.8
141800.0 2.9
141900.0 3.1
142000.0 3.2
142100.0 2.3
142200.0 2.4
142300.0 2.4
142400.0 2.9
142500.0 2.4
142600.0 2.8
142700.0 2.9
142800.0 3.1
142900.0 2.3
143000.0 2.3
143100.0 2.2
143200.0 1.8
143300.0 2.0
143400.0 2.0
143500.0 2.1
143600.0 1.8
143700.0 1.5
143800.0 2.6
143900.0 2.1
144000.0 2.5
144100.0 2.5
144200.0 2.4
144300.0 2.0
144400.0 2.1
144500.0 2.1
144600.0 2.1
144700.0 1.9
144800.0 2.2
144900.0 1.8
145000.0 1.8
145100.0 2.0
145200.0 2.2
145300.0 1.8
145400.0 1.4
145500.0 2.1
145600.0 2.4
145700.0 2.3
145800.0 2.6
145900.0 2.6
146000.0 2.0
146100.0 2.5
146200.0 2.3
146300.0 2.4
146400.0 1.5
146500.0 1.9
146600.0 2.1
146700.0 2.2
146800.0 1.9
146900.0 2.2
147000.0 1.6
147100.0 2.2
147200.0 1.8
147300.0 2.2
147400.0 2.6
147500.0 2.4
147600.0 2.1
147700.0 3.3
147800.0 2.4
147900.0 2.6
148000.0 2.0
148100.0 2.0
148200.0 1.8
148300.0 2.1
148400.0 2.6
148500.0 2.6
148600.0 2.2
148700.0 2.4
148800.0 2.2
148900.0 2.1
149000.0 2.5
149100.0 2.0
149200.0 3.2
149300.0 2.2
149400.0 2.0
149500.0 2.5
149600.0 2.7
149700.0 2.4
149800.0 3.1
149900.0 2.6
150000.0 2.5
150100.0 2.4
150200.0 2.1
150300.0 2.5
150400.0 2.6
150500.0 1.9
150600.0 2.1
150700.0 2.3
150800.0 2.6
150900.0 1.8
151000.0 1.8
151100.0 1.8
151200.0 2.4
151300.0 2.3
151400.0 2.8
151500.0 1.9
151600.0 1.5
151700.0 1.6
151800.0 1.3
151900.0 1.4
152000.0 1.5
152100.0 1.4
152200.0 2.1
152300.0 2.5
152400.0 2.4
152500.0 1.9
152600.0 1.6
152700.0 1.5
152800.0 2.0
152900.0 1.9
153000.0 2.0
153100.0 1.4
153200.0 1.6
153300.0 1.8
153400.0 1.5
153500.0 2.3
153600.0 2.3
153700.0 1.9
153800.0 1.9
153900.0 1.8
154000.0 1.7
154100.0 1.7
154200.0 1.8
154300.0 1.8
154400.0 1.6
154500.0 1.5
154600.0 2.0
154700.0 1.7
154800.0 1.7
154900.0 1.2
155000.0 2.0
155100.0 2.0
155200.0 1.8
155300.0 2.0
155400.0 2.1
155500.0 1.8
155600.0 1.7
155700.0 1.2
155800.0 1.8
155900.0 1.4
156000.0 1.9
156100.0 1.7
156200.0 1.9
156300.0 2.1
156400.0 1.7
156500.0 1.6
156600.0 1.5
156700.0 1.4
156800.0 1.8
156900.0 1.4
157000.0 2.0
157100.0 1.9
157200.0 1.7
157300.0 1.8
157400.0 1.7
157500.0 1.9
157600.0 1.6
157700.0 1.5
157800.0 2.2
157900.0 2.1
158000.0 2.4
158100.0 1.9
158200.0 2.2
158300.0 1.2
158400.0 1.0
158500.0 1.2
158600.0 1.5
158700.0 1.5
158800.0 1.3
158900.0 1.6
159000.0 1.2
159100.0 1.8
159200.0 1.4
159300.0 1.6
159400.0 1.4
159500.0 1.9
159600.0 1.7
159700.0 1.5
159800.0 1.9
159900.0 1.8
160000.0 2.3
160100.0 2.2
160200.0 2.6
160300.0 2.3
160400.0 2.0
160500.0 1.8
160600.0 2.0
160700.0 2.0
160800.0 2.7
160900.0 2.4
161000.0 2.5
161100.0 2.0
161200.0 1.9
161300.0 1.7
161400.0 2.0
161500.0 1.9
161600.0 1.9
161700.0 2.3
161800.0 1.8
161900.0 1.4
162000.0 1.5
162100.0 2.1
162200.0 1.7
162300.0 2.3
162400.0 1.7
162500.0 2.0
162600.0 1.9
162700.0 1.6
162800.0 1.8
162900.0 2.1
163000.0 1.8
163100.0 1.5
163200.0 1.4
163300.0 1.0
163400.0 1.4
163500.0 1.4
163600.0 1.5
163700.0 1.3
163800.0 1.4
163900.0 1.4
164000.0 1.7
164100.0 1.1
164200.0 1.5
164300.0 1.4
164400.0 1.2
164500.0 1.1
164600.0 1.2
164700.0 1.3
164800.0 1.2
164900.0 1.0
165000.0 0.9
165100.0 1.1
165200.0 1.2
165300.0 1.2
165400.0 1.3
165500.0 2.0
165600.0 1.7
165700.0 1.4
165800.0 1.4
165900.0 1.2
166000.0 1.0
166100.0 1.3
166200.0 1.1
166300.0 1.4
166400.0 1.6
166500.0 1.4
166600.0 1.6
166700.0 0.9
166800.0 1.1
166900.0 0.9
167000.0 0.8
167100.0 0.6
167200.0 0.7
167300.0 0.6
167400.0 0.7
167500.0 0.9
167600.0 0.7
167700.0 0.7
167800.0 0.7
167900.0 1.5
168000.0 1.3
168100.0 1.1
168200.0 1.4
168300.0 1.0
168400.0 1.0
168500.0 0.9
168600.0 1.0
168700.0 1.1
168800.0 1.3
168900.0 1.6
169000.0 1.1
169100.0 1.1
169200.0 1.2
169300.0 1.1
169400.0 1.2
169500.0 1.2
169600.0 1.2
169700.0 0.6
169800.0 1.1
169900.0 1.0
170000.0 1.0
170100.0 1.0
170200.0 0.8
170300.0 0.7
170400.0 0.6
170500.0 0.9
170600.0 0.9
170700.0 0.9
170800.0 0.6
170900.0 0.6
171000.0 0.8
171100.0 1.0
171200.0 1.0
171300.0 0.6
171400.0 0.6
171500.0 0.8
171600.0 0.7
171700.0 0.7
171800.0 0.5
171900.0 0.8
172000.0 1.5
172100.0 1.1
172200.0 0.9
172300.0 0.8
172400.0 1.0
172500.0 0.8
172600.0 1.3
172700.0 1.2
172800.0 1.1
172900.0 1.3
173000.0 0.9
173100.0 1.2
173200.0 1.4
173300.0 1.3
173400.0 1.5
173500.0 1.1
173600.0 1.0
173700.0 1.3
173800.0 0.8
173900.0 0.7
174000.0 0.6
174100.0 0.7
174200.0 0.8
174300.0 0.6
174400.0 0.6
174500.0 1.0
174600.0 0.8
174700.0 0.7
174800.0 0.4
174900.0 0.5
175000.0 0.7
175100.0 1.1
175200.0 1.0
175300.0 1.0
175400.0 0.9
175500.0 0.7
175600.0 0.7
175700.0 0.7
175800.0 0.6
175900.0 0.8
176000.0 0.6
176100.0 0.8
176200.0 0.7
176300.0 1.2
176400.0 0.6
176500.0 0.5
176600.0 0.7
176700.0 0.6
176800.0 0.4
176900.0 0.5
177000.0 0.3
177100.0 0.2
177200.0 0.2
177300.0 0.6
177400.0 0.4
177500.0 0.4
177600.0 0.6
177700.0 0.6
177800.0 0.5
177900.0 0.5
178000.0 0.7
178100.0 0.4
178200.0 0.5
178300.0 0.5
178400.0 0.4
178500.0 0.5
178600.0 0.5
178700.0 0.4
178800.0 0.6
178900.0 0.7
179000.0 0.9
179100.0 1.0
179200.0 0.7
179300.0 0.7
179400.0 0.5
179500.0 0.6
179600.0 0.9
179700.0 0.7
179800.0 0.9
179900.0 0.8
180000.0 0.8
180100.0 0.7
180200.0 0.5
180300.0 0.6
180400.0 0.6
180500.0 0.7
180600.0 0.8
180700.0 0.8
180800.0 0.6
180900.0 0.7
181000.0 0.5
181100.0 0.7
181200.0 0.8
181300.0 0.8
181400.0 0.9
181500.0 0.9
181600.0 0.9
181700.0 1.2
181800.0 1.1
181900.0 0.9
182000.0 0.7
182100.0 1.2
182200.0 1.0
182300.0 0.9
182400.0 1.0
182500.0 1.2
182600.0 0.8
182700.0 1.0
182800.0 0.7
182900.0 0.8
183000.0 0.9
183100.0 0.8
183200.0 0.6
183300.0 0.7
183400.0 1.0
183500.0 0.8
183600.0 1.0
183700.0 0.8
183800.0 0.7
183900.0 1.0
184000.0 0.9
184100.0 0.7
184200.0 0.8
184300.0 0.6
184400.0 0.6
184500.0 0.8
184600.0 0.7
184700.0 0.7
184800.0 0.7
184900.0 0.9
185000.0 0.9
185100.0 1.1
185200.0 1.1
185300.0 1.2
185400.0 1.1
185500.0 1.1
185600.0 1.0
185700.0 1.1
185800.0 0.9
185900.0 0.6
186000.0 1.0
186100.0 0.9
186200.0 0.6
186300.0 0.4
186400.0 0.8
186500.0 0.4
186600.0 0.8
186700.0 0.6
186800.0 0.5
186900.0 0.4
187000.0 0.5
187100.0 0.4
187200.0 0.5
187300.0 0.6
187400.0 0.5
187500.0 0.7
187600.0 0.7
187700.0 0.7
187800.0 0.8
187900.0 0.4
188000.0 0.4
188100.0 0.4
188200.0 0.3
188300.0 0.5
188400.0 0.3
188500.0 0.4
188600.0 0.4
188700.0 0.5
188800.0 0.4
188900.0 0.3
189000.0 0.3
189100.0 0.4
189200.0 0.3
189300.0 0.4
189400.0 0.4
189500.0 0.4
189600.0 0.4
189700.0 0.3
189800.0 0.5
189900.0 0.5
190000.0 0.4
190100.0 0.4
190200.0 0.3
190300.0 0.5
190400.0 0.4
190500.0 0.5
190600.0 0.3
190700.0 0.4
190800.0 0.5
190900.0 0.6
191000.0 0.7
191100.0 0.7
191200.0 0.4
191300.0 0.3
191400.0 0.4
191500.0 0.8
191600.0 0.6
191700.0 0.5
191800.0 0.5
191900.0 0.6
192000.0 0.5
192100.0 0.8
192200.0 0.7
192300.0 0.4
192400.0 0.4
192500.0 0.4
192600.0 0.2
192700.0 0.5
192800.0 0.3
192900.0 0.3
193000.0 1.0
193100.0 0.7
193200.0 0.8
193300.0 0.6
193400.0 0.6
193500.0 0.5
193600.0 0.6
193700.0 0.6
193800.0 0.5
193900.0 0.4
194000.0 0.5
194100.0 0.2
194200.0 0.2
194300.0 0.4
194400.0 0.5
194500.0 0.5
194600.0 0.3
194700.0 0.5
194800.0 0.6
194900.0 0.5
195000.0 0.5
195100.0 0.5
195200.0 0.3
195300.0 0.3
195400.0 0.3
195500.0 0.3
195600.0 0.4
195700.0 0.3
195800.0 0.4
195900.0 0.4
196000.0 0.3
196100.0 0.5
196200.0 0.4
196300.0 0.4
196400.0 0.4
196500.0 0.7
196600.0 0.4
196700.0 0.4
196800.0 0.4
196900.0 0.6
197000.0 0.3
197100.0 0.3
197200.0 0.3
197300.0 0.2
197400.0 0.2
197500.0 0.2
197600.0 0.2
197700.0 0.3
197800.0 0.1
197900.0 0.1
198000.0 0.2
198100.0 0.2
198200.0 0.2
198300.0 0.4
198400.0 0.3
198500.0 0.2
198600.0 0.2
198700.0 0.3
198800.0 0.2
198900.0 0.4
199000.0 0.3
199100.0 0.1
199200.0 0.3
199300.0 0.1
199400.0 0.2
199500.0 0.3
199600.0 0.1
199700.0 0.4
199800.0 0.2
199900.0 0.2
200000.0 0.2
200100.0 0.2
200200.0 0.2
200300.0 0.2
200400.0 0.3
200500.0 0.1
200600.0 0.2
200700.0 0.2
200800.0 0.1
200900.0 0.1
201000.0 0.2
201100.0 0.3
201200.0 0.4
201300.0 0.3
201400.0 0.2
201500.0 0.2
201600.0 0.3
201700.0 0.2
201800.0 0.2
201900.0 0.3
202000.0 0.5
202100.0 0.3
202200.0 0.2
202300.0 0.2
202400.0 0.3
202500.0 0.1
202600.0 0.1
202700.0 0.2
202800.0 0.3
202900.0 0.3
203000.0 0.2
203100.0 0.3
203200.0 0.4
203300.0 0.6
203400.0 0.6
203500.0 0.7
203600.0 0.5
203700.0 0.4
203800.0 0.3
203900.0 0.4
204000.0 0.3
204100.0 0.2
204200.0 0.4
204300.0 0.4
204400.0 0.3
204500.0 0.4
204600.0 0.2
204700.0 0.2
204800.0 0.2
204900.0 0.2
205000.0 0.2
205100.0 0.2
205200.0 0.2
205300.0 0.2
205400.0 0.2
205500.0 0.3
205600.0 0.3
205700.0 0.3
205800.0 0.3
205900.0 0.3
206000.0 0.3
206100.0 0.2
206200.0 0.2
206300.0 0.2
206400.0 0.2
206500.0 0.2
206600.0 0.3
206700.0 0.3
206800.0 0.2
206900.0 0.2
207000.0 0.3
207100.0 0.4
207200.0 0.4
207300.0 0.3
207400.0 0.2
207500.0 0.2
207600.0 0.3
207700.0 0.3
207800.0 0.4
207900.0 0.3
208000.0 0.4
208100.0 0.5
208200.0 0.4
208300.0 0.4
208400.0 0.3
208500.0 0.3
208600.0 0.3
208700.0 0.3
208800.0 0.5
208900.0 0.3
209000.0 0.3
209100.0 0.2
209200.0 0.3
209300.0 0.3
209400.0 0.2
209500.0 0.2
209600.0 0.2
209700.0 0.2
209800.0 0.2
209900.0 0.2
210000.0 0.2
210100.0 0.2
210200.0 0.2
210300.0 0.3
210400.0 0.3
210500.0 0.2
210600.0 0.2
210700.0 0.1
210800.0 0.1
210900.0 0.1
211000.0 0.1
211100.0 0.1
211200.0 0.1
211300.0 0.1
211400.0 0.1
211500.0 0.1
211600.0 0.1
211700.0 0.1
211800.0 0.2
211900.0 0.1
212000.0 0.1
212100.0 0.2
212200.0 0.2
212300.0 0.2
212400.0 0.1
212500.0 0.1
212600.0 0.2
212700.0 0.1
212800.0 0.1
212900.0 0.1
213000.0 0.1
213100.0 0.1
213200.0 0.1
213300.0 0.1
213400.0 0.1
213500.0 0.1
213600.0 0.1
213700.0 0.2
213800.0 0.2
213900.0 0.1
214000.0 0.2
214100.0 0.2
214200.0 0.2
214300.0 0.2
214400.0 0.1
214500.0 0.3
214600.0 0.3
214700.0 0.3
214800.0 0.2
214900.0 0.2
215000.0 0.2
215100.0 0.1
215200.0 0.1
215300.0 0.2
215400.0 0.2
215500.0 0.3
215600.0 0.2
215700.0 0.2
215800.0 0.1
215900.0 0.2
216000.0 0.1
216100.0 0.1
216200.0 0.1
216300.0 0.1
216400.0 0.1
216500.0 0.1
216600.0 0.1
216700.0 0.1
216800.0 0.3
216900.0 0.3
217000.0 0.3
217100.0 0.2
217200.0 0.2
217300.0 0.2
217400.0 0.2
217500.0 0.2
217600.0 0.3
217700.0 0.3
217800.0 0.2
217900.0 0.1
218000.0 0.1
218100.0 0.1
218200.0 0.1
218300.0 0.1
218400.0 0.1
218500.0 0.1
218600.0 0.1
218700.0 0.1
218800.0 0.1
218900.0 0.1
219000.0 0.1
219100.0 0.1
219200.0 0.1
219300.0 0.1
219400.0 0.1
219500.0 0.1
219600.0 0.1
219700.0 0.1
219800.0 0.1
219900.0 0.1
220000.0 0.1
220100.0 0.1
220200.0 0.1
220300.0 0.1
220400.0 0.1
220500.0 0.1
220600.0 0.2
220700.0 0.1
220800.0 0.1
220900.0 0.1
221000.0 0.1
221100.0 0.2
221200.0 0.2
221300.0 0.1
221400.0 0.2
221500.0 0.2
221600.0 0.2
221700.0 0.2
221800.0 0.2
221900.0 0.2
222000.0 0.1
222100.0 0.1
222200.0 0.1
222300.0 0.1
222400.0 0.1
222500.0 0.1
222600.0 0.1
222700.0 0.1
222800.0 0.1
222900.0 0.1
223000.0 0.1
223100.0 0.1
223200.0 0.1
223300.0 0.1
223400.0 0.1
223500.0 0.1
223600.0 0.1
223700.0 0.1
223800.0 0.2
223900.0 0.1
224000.0 0.1
224100.0 0.1
224200.0 0.1
224300.0 0.1
224400.0 0.1
224500.0 0.1
224600.0 0.1
224700.0 0.2
224800.0 0.2
224900.0 0.2
225000.0 0.1
225100.0 0.1
225200.0 0.1
225300.0 0.1
225400.0 0.1
225500.0 0.1
225600.0 0.1
225700.0 0.1
225800.0 0.1
225900.0 0.1
226000.0 0.1
226100.0 0.1
226200.0 0.1
226300.0 0.1
226400.0 0.1
226500.0 0.1
226600.0 0.1
226700.0 0.1
226800.0 0.1
226900.0 0.1
227000.0 0.1
227100.0 0.1
227200.0 0.2
227300.0 0.1
227400.0 0.1
227500.0 0.1
227600.0 0.1
227700.0 0.1
227800.0 0.1
227900.0 0.1
228000.0 0.1
228100.0 0.1
228200.0 0.2
228300.0 0.1
228400.0 0.1
228500.0 0.1
228600.0 0.1
228700.0 0.1
228800.0 0.1
228900.0 0.1
229000.0 0.1
229100.0 0.1
229200.0 0.1
229300.0 0.1
229400.0 0.1
229500.0 0.1
229600.0 0.1
229700.0 0.1
229800.0 0.1
229900.0 0.1
230000.0 0.1
230100.0 0.1
230200.0 0.1
230300.0 0.1
230400.0 0.1
230500.0 0.1
230600.0 0.1
230700.0 0.1
230800.0 0.1
230900.0 0.1
231000.0 0.1
231100.0 0.2
231200.0 0.3
231300.0 0.2
231400.0 0.2
231500.0 0.2
231600.0 0.2
231700.0 0.1
231800.0 0.1
231900.0 0.1
232000.0 0.1
232100.0 0.1
232200.0 0.1
232300.0 0.1
232400.0 0.2
232500.0 0.1
232600.0 0.1
232700.0 0.1
232800.0 0.1
232900.0 0.1
233000.0 0.1
233100.0 0.1
233200.0 0.1
233300.0 0.1
233400.0 0.1
233500.0 0.1
233600.0 0.1
233700.0 0.2
233800.0 0.1
233900.0 0.1
234000.0 0.1
234100.0 0.1
234200.0 0.1
234300.0 0.1
234400.0 0.1
234500.0 0.1
234600.0 0.1
234700.0 0.1
234800.0 0.1
234900.0 0.1
235000.0 0.1
235100.0 0.1
235200.0 0.1
235300.0 0.1
235400.0 0.1
235500.0 0.1
235600.0 0.1
235700.0 0.1
235800.0 0.1
235900.0 0.1
236000.0 0.1
236100.0 0.1
236200.0 0.1
236300.0 0.1
236400.0 0.1
236500.0 0.1
236600.0 0.1
236700.0 0.1
236800.0 0.1
236900.0 0.1
237000.0 0.1
237100.0 0.1
237200.0 0.1
237300.0 0.1
237400.0 0.1
237500.0 0.1
237600.0 0.1
237700.0 0.1
237800.0 0.1
237900.0 0.1
238000.0 0.1
238100.0 0.1
238200.0 0.1
238300.0 0.1
238400.0 0.1
238500.0 0.1
238600.0 0.1
238700.0 0.1
238800.0 0.1
238900.0 0.1
239000.0 0.1
239100.0 0.1
239200.0 0.1
239300.0 0.1
239400.0 0.1
239500.0 0.1
239600.0 0.1
239700.0 0.1
239800.0 0.1
239900.0 0.1
240000.0 0.1
240100.0 0.1
240200.0 0.1
240300.0 0.1
240400.0 0.1
240500.0 0.1
240600.0 0.1
240700.0 0.1
240800.0 0.1
240900.0 0.1
241000.0 0.1
241100.0 0.1
241200.0 0.1
241300.0 0.1
241400.0 0.1
241500.0 0.1
241600.0 0.1
241700.0 0.1
241800.0 0.1
241900.0 0.1
242000.0 0.1
242100.0 0.1
242200.0 0.1
242300.0 0.1
242400.0 0.1
242500.0 0.1
242600.0 0.1
242700.0 0.1
242800.0 0.1
242900.0 0.1
243000.0 0.1
243100.0 0.1
243200.0 0.1
243300.0 0.1
243400.0 0.1
243500.0 0.1
243600.0 0.1
243700.0 0.1
243800.0 0.1
243900.0 0.1
244000.0 0.1
244100.0 0.1
244200.0 0.1
244300.0 0.1
244400.0 0.1
244500.0 0.1
244600.0 0.1
244700.0 0.1
244800.0 0.1
244900.0 0.1
245000.0 0.1
245100.0 0.1
245200.0 0.1
245300.0 0.1
245400.0 0.1
245500.0 0.1
245600.0 0.1
245700.0 0.1
245800.0 0.1
245900.0 0.1
246000.0 0.1
246100.0 0.1
246200.0 0.1
246300.0 0.1
246400.0 0.1
246500.0 0.1
246600.0 0.1
246700.0 0.1
246800.0 0.1
246900.0 0.1
247000.0 0.1
247100.0 0.1
247200.0 0.1
247300.0 0.1
247400.0 0.1
247500.0 0.1
247600.0 0.1
247700.0 0.1
247800.0 0.1
247900.0 0.1
248000.0 0.1
248100.0 0.1
248200.0 0.1
248300.0 0.1
248400.0 0.1
248500.0 0.1
248600.0 0.1
248700.0 0.1
248800.0 0.1
248900.0 0.1
249000.0 0.1
249100.0 0.1
249200.0 0.1
249300.0 0.1
249400.0 0.1
249500.0 0.1
249600.0 0.1
249700.0 0.1
249800.0 0.1
249900.0 0.1
250000.0 0.1
250100.0 0.1
250200.0 0.1
250300.0 0.1
250400.0 0.1
250500.0 0.1
250600.0 0.1
250700.0 0.1
250800.0 0.1
250900.0 0.1
251000.0 0.1
251100.0 0.1
251200.0 0.1
251300.0 0.1
251400.0 0.1
251500.0 0.1
251600.0 0.1
251700.0 0.1
251800.0 0.1
251900.0 0.1
252000.0 0.1
252100.0 0.1
252200.0 0.1
252300.0 0.1
252400.0 0.1
252500.0 0.1
252600.0 0.1
252700.0 0.1
252800.0 0.1
252900.0 0.1
253000.0 0.1
253100.0 0.1
253200.0 0.1
253300.0 0.1
253400.0 0.1
253500.0 0.1
253600.0 0.1
253700.0 0.1
253800.0 0.1
253900.0 0.1
254000.0 0.1
254100.0 0.1
254200.0 0.1
254300.0 0.1
254400.0 0.1
254500.0 0.1
254600.0 0.1
254700.0 0.1
254800.0 0.1
254900.0 0.1
255000.0 0.1
255100.0 0.1
255200.0 0.1
255300.0 0.1
255400.0 0.1
255500.0 0.1
255600.0 0.1
255700.0 0.1
255800.0 0.1
255900.0 0.1
256000.0 0.1
256100.0 0.1
256200.0 0.1
256300.0 0.1
256400.0 0.1
256500.0 0.1
256600.0 0.1
256700.0 0.1
256800.0 0.1
256900.0 0.1
257000.0 0.1
257100.0 0.1
257200.0 0.1
257300.0 0.1
257400.0 0.1
257500.0 0.1
257600.0 0.1
257700.0 0.1
257800.0 0.1
257900.0 0.1
258000.0 0.1
258100.0 0.1
258200.0 0.1
258300.0 0.1
258400.0 0.1
258500.0 0.1
258600.0 0.1
258700.0 0.1
258800.0 0.1
258900.0 0.1
259000.0 0.1
259100.0 0.1
259200.0 0.1
259300.0 0.1
259400.0 0.1
259500.0 0.1
259600.0 0.1
259700.0 0.1
259800.0 0.1
259900.0 0.1
260000.0 0.1
260100.0 0.1
260200.0 0.1
260300.0 0.1
260400.0 0.1
260500.0 0.1
260600.0 0.1
260700.0 0.1
260800.0 0.1
260900.0 0.1
261000.0 0.1
261100.0 0.1
261200.0 0.1
261300.0 0.1
261400.0 0.1
261500.0 0.1
261600.0 0.1
261700.0 0.1
261800.0 0.1
261900.0 0.1
262000.0 0.1
262100.0 0.1
262200.0 0.1
262300.0 0.1
262400.0 0.1
262500.0 0.1
262600.0 0.1
262700.0 0.1
262800.0 0.1
262900.0 0.1
263000.0 0.1
263100.0 0.1
263200.0 0.1
263300.0 0.1
263400.0 0.1
263500.0 0.1
263600.0 0.1
263700.0 0.1
263800.0 0.1
263900.0 0.1
264000.0 0.1
264100.0 0.1
264200.0 0.1
264300.0 0.1
264400.0 0.1
264500.0 0.1
264600.0 0.1
264700.0 0.1
264800.0 0.1
264900.0 0.1
265000.0 0.1
265100.0 0.1
265200.0 0.1
265300.0 0.1
265400.0 0.1
265500.0 0.1
265600.0 0.1
265700.0 0.1
265800.0 0.1
265900.0 0.1
266000.0 0.1
266100.0 0.1
266200.0 0.1
266300.0 0.1
266400.0 0.1
266500.0 0.1
266600.0 0.1
266700.0 0.1
266800.0 0.1
266900.0 0.1
267000.0 0.1
267100.0 0.1
267200.0 0.1
267300.0 0.1
267400.0 0.1
267500.0 0.1
267600.0 0.1
267700.0 0.1
267800.0 0.1
267900.0 0.1
268000.0 0.1
268100.0 0.1
268200.0 0.1
268300.0 0.1
268400.0 0.1
268500.0 0.1
268600.0 0.1
268700.0 0.1
268800.0 0.1
268900.0 0.1
269000.0 0.1
269100.0 0.1
269200.0 0.1
269300.0 0.1
269400.0 0.1
269500.0 0.1
269600.0 0.1
269700.0 0.1
269800.0 0.1
269900.0 0.1
270000.0 0.1
270100.0 0.1
270200.0 0.1
270300.0 0.1
270400.0 0.1
270500.0 0.1
270600.0 0.1
270700.0 0.1
270800.0 0.1
270900.0 0.1
271000.0 0.1
271100.0 0.1
271200.0 0.1
271300.0 0.1
271400.0 0.1
271500.0 0.1
271600.0 0.1
271700.0 0.1
271800.0 0.1
271900.0 0.1
272000.0 0.1
272100.0 0.1
272200.0 0.1
272300.0 0.1
272400.0 0.1
272500.0 0.1
272600.0 0.1
272700.0 0.1
272800.0 0.1
272900.0 0.1
273000.0 0.1
273100.0 0.1
273200.0 0.1
273300.0 0.1
273400.0 0.1
273500.0 0.1
273600.0 0.1
273700.0 0.1
273800.0 0.1
273900.0 0.1
274000.0 0.1
274100.0 0.1
274200.0 0.1
274300.0 0.1
274400.0 0.1
274500.0 0.1
274600.0 0.1
274700.0 0.1
274800.0 0.1
274900.0 0.1
275000.0 0.1
275100.0 0.1
275200.0 0.1
275300.0 0.1
275400.0 0.1
275500.0 0.1
275600.0 0.1
275700.0 0.1
275800.0 0.1
275900.0 0.1
276000.0 0.1
276100.0 0.1
276200.0 0.1
276300.0 0.1
276400.0 0.1
276500.0 0.1
276600.0 0.1
276700.0 0.1
276800.0 0.1
276900.0 0.1
277000.0 0.1
277100.0 0.1
277200.0 0.1
277300.0 0.1
277400.0 0.1
277500.0 0.1
277600.0 0.1
277700.0 0.1
277800.0 0.1
277900.0 0.1
278000.0 0.1
278100.0 0.1
278200.0 0.1
278300.0 0.1
278400.0 0.1
278500.0 0.1
278600.0 0.1
278700.0 0.1
278800.0 0.1
278900.0 0.1
279000.0 0.1
279100.0 0.1
279200.0 0.1
279300.0 0.1
279400.0 0.1
279500.0 0.1
279600.0 0.1
279700.0 0.1
279800.0 0.1
279900.0 0.1
280000.0 0.1
280100.0 0.1
280200.0 0.1
280300.0 0.1
280400.0 0.1
280500.0 0.1
280600.0 0.1
280700.0 0.1
280800.0 0.1
280900.0 0.1
281000.0 0.1
281100.0 0.1
281200.0 0.1
281300.0 0.1
281400.0 0.1
281500.0 0.1
281600.0 0.1
281700.0 0.1
281800.0 0.1
281900.0 0.1
282000.0 0.1
282100.0 0.1
282200.0 0.1
282300.0 0.1
282400.0 0.1
282500.0 0.1
282600.0 0.1
282700.0 0.1
282800.0 0.1
282900.0 0.1
283000.0 0.1
283100.0 0.1
283200.0 0.1
283300.0 0.1
283400.0 0.1
283500.0 0.1
283600.0 0.1
283700.0 0.1
283800.0 0.1
283900.0 0.1
284000.0 0.1
284100.0 0.1
284200.0 0.1
284300.0 0.1
284400.0 0.1
284500.0 0.1
284600.0 0.1
284700.0 0.1
284800.0 0.1
284900.0 0.1
285000.0 0.1
285100.0 0.1
285200.0 0.1
285300.0 0.1
285400.0 0.1
285500.0 0.1
285600.0 0.1
285700.0 0.1
285800.0 0.1
285900.0 0.1
286000.0 0.1
286100.0 0.1
286200.0 0.1
286300.0 0.1
286400.0 0.1
286500.0 0.1
286600.0 0.1
286700.0 0.1
286800.0 0.1
286900.0 0.1
287000.0 0.1
287100.0 0.1
287200.0 0.1
287300.0 0.1
287400.0 0.1
287500.0 0.1
287600.0 0.1
287700.0 0.1
287800.0 0.1
287900.0 0.1
288000.0 0.1
288100.0 0.1
288200.0 0.1
288300.0 0.1
288400.0 0.1
288500.0 0.1
288600.0 0.1
288700.0 0.1
288800.0 0.1
288900.0 0.1
289000.0 0.1
289100.0 0.1
289200.0 0.1
289300.0 0.1
289400.0 0.1
289500.0 0.1
289600.0 0.1
289700.0 0.1
289800.0 0.1
289900.0 0.1
290000.0 0.1
290100.0 0.1
290200.0 0.1
290300.0 0.1
290400.0 0.1
290500.0 0.1
290600.0 0.1
290700.0 0.1
290800.0 0.1
290900.0 0.1
291000.0 0.1
291100.0 0.1
291200.0 0.1
291300.0 0.1
291400.0 0.1
291500.0 0.1
291600.0 0.1
291700.0 0.1
291800.0 0.1
291900.0 0.1
292000.0 0.1
292100.0 0.1
292200.0 0.1
292300.0 0.1
292400.0 0.1
292500.0 0.1
292600.0 0.1
292700.0 0.1
292800.0 0.1
292900.0 0.1
293000.0 0.1
293100.0 0.1
293200.0 0.1
293300.0 0.1
293400.0 0.1
293500.0 0.1
293600.0 0.1
293700.0 0.1
293800.0 0.1
293900.0 0.1
294000.0 0.1
294100.0 0.1
294200.0 0.1
294300.0 0.1
294400.0 0.1
294500.0 0.1
294600.0 0.1
294700.0 0.1
294800.0 0.1
294900.0 0.1
295000.0 0.1
295100.0 0.1
295200.0 0.1
295300.0 0.1
295400.0 0.1
295500.0 0.1
295600.0 0.1
295700.0 0.1
295800.0 0.1
295900.0 0.1
296000.0 0.1
296100.0 0.1
296200.0 0.1
296300.0 0.1
296400.0 0.1
296500.0 0.1
296600.0 0.1
296700.0 0.1
296800.0 0.1
296900.0 0.1
297000.0 0.1
297100.0 0.1
297200.0 0.1
297300.0 0.1
297400.0 0.1
297500.0 0.1
297600.0 0.1
297700.0 0.1
297800.0 0.1
297900.0 0.1
298000.0 0.1
298100.0 0.1
298200.0 0.1
298300.0 0.1
298400.0 0.1
298500.0 0.1
298600.0 0.1
298700.0 0.1
298800.0 0.1
298900.0 0.1
299000.0 0.1
299100.0 0.1
299200.0 0.1
299300.0 0.1
299400.0 0.1
299500.0 0.1
299600.0 0.1
299700.0 0.1
299800.0 0.1
299900.0 0.1
300000.0 0.1
300100.0 0.1
300200.0 0.1
300300.0 0.1
300400.0 0.1
300500.0 0.1
300600.0 0.1
300700.0 0.1
300800.0 0.1
300900.0 0.1
301000.0 0.1
301100.0 0.1
301200.0 0.1
301300.0 0.1
301400.0 0.1
301500.0 0.1
301600.0 0.1
301700.0 0.1
301800.0 0.1
301900.0 0.1
302000.0 0.1
302100.0 0.1
302200.0 0.1
302300.0 0.1
302400.0 0.1
302500.0 0.1
302600.0 0.1
302700.0 0.1
302800.0 0.1
302900.0 0.1
303000.0 0.1
303100.0 0.1
303200.0 0.1
303300.0 0.1
303400.0 0.1
303500.0 0.1
303600.0 0.1
303700.0 0.1
303800.0 0.1
303900.0 0.1
304000.0 0.1
304100.0 0.1
304200.0 0.1
304300.0 0.1
304400.0 0.1
304500.0 0.1
304600.0 0.1
304700.0 0.1
304800.0 0.1
304900.0 0.1
305000.0 0.1
305100.0 0.1
305200.0 0.1
305300.0 0.1
305400.0 0.1
305500.0 0.1
305600.0 0.1
305700.0 0.1
305800.0 0.1
305900.0 0.1
306000.0 0.1
306100.0 0.1
306200.0 0.1
306300.0 0.1
306400.0 0.1
306500.0 0.1
306600.0 0.1
306700.0 0.1
306800.0 0.1
306900.0 0.1
307000.0 0.1
307100.0 0.1
307200.0 0.1
307300.0 0.1
307400.0 0.1
307500.0 0.1
307600.0 0.1
307700.0 0.1
307800.0 0.1
307900.0 0.1
308000.0 0.1
308100.0 0.1
308200.0 0.1
308300.0 0.1
308400.0 0.1
308500.0 0.1
308600.0 0.1
308700.0 0.1
308800.0 0.1
308900.0 0.1
309000.0 0.1
309100.0 0.1
309200.0 0.1
309300.0 0.1
309400.0 0.1
309500.0 0.1
309600.0 0.1
309700.0 0.1
309800.0 0.1
309900.0 0.1
310000.0 0.1
310100.0 0.1
310200.0 0.1
310300.0 0.1
310400.0 0.1
310500.0 0.1
310600.0 0.1
310700.0 0.1
310800.0 0.1
310900.0 0.1
311000.0 0.1
311100.0 0.1
311200.0 0.1
311300.0 0.1
311400.0 0.1
311500.0 0.1
311600.0 0.1
311700.0 0.1
311800.0 0.1
311900.0 0.1
312000.0 0.1
312100.0 0.1
312200.0 0.1
312300.0 0.1
312400.0 0.1
312500.0 0.1
312600.0 0.1
312700.0 0.1
312800.0 0.1
312900.0 0.1
313000.0 0.1
313100.0 0.1
313200.0 0.1
313300.0 0.1
313400.0 0.1
313500.0 0.1
313600.0 0.1
313700.0 0.1
313800.0 0.1
313900.0 0.1
314000.0 0.1
314100.0 0.1
314200.0 0.1
314300.0 0.1
314400.0 0.1
314500.0 0.1
314600.0 0.1
314700.0 0.1
314800.0 0.1
314900.0 0.1
315000.0 0.1
315100.0 0.1
315200.0 0.1
315300.0 0.1
315400.0 0.1
315500.0 0.1
315600.0 0.1
315700.0 0.1
315800.0 0.1
315900.0 0.1
316000.0 0.1
316100.0 0.1
316200.0 0.1
316300.0 0.1
316400.0 0.1
316500.0 0.1
316600.0 0.1
316700.0 0.1
316800.0 0.1
316900.0 0.1
317000.0 0.1
317100.0 0.1
317200.0 0.1
317300.0 0.1
317400.0 0.1
317500.0 0.1
317600.0 0.1
317700.0 0.1
317800.0 0.1
317900.0 0.1
318000.0 0.1
318100.0 0.1
318200.0 0.1
318300.0 0.1
318400.0 0.1
318500.0 0.1
318600.0 0.1
318700.0 0.1
318800.0 0.1
318900.0 0.1
319000.0 0.1
319100.0 0.1
319200.0 0.1
319300.0 0.1
319400.0 0.1
319500.0 0.1
319600.0 0.1
319700.0 0.1
319800.0 0.1
319900.0 0.1
320000.0 0.1
320100.0 0.1
320200.0 0.1
320300.0 0.1
320400.0 0.1
320500.0 0.1
320600.0 0.1
320700.0 0.1
320800.0 0.1
320900.0 0.1
321000.0 0.1
321100.0 0.1
321200.0 0.1
321300.0 0.1
321400.0 0.1
321500.0 0.1
321600.0 0.1
321700.0 0.1
321800.0 0.1
321900.0 0.1
322000.0 0.1
322100.0 0.1
322200.0 0.1
322300.0 0.1
322400.0 0.1
322500.0 0.1
322600.0 0.1
322700.0 0.1
322800.0 0.1
322900.0 0.1
323000.0 0.1
323100.0 0.1
323200.0 0.1
323300.0 0.1
323400.0 0.1
323500.0 0.1
323600.0 0.1
323700.0 0.1
323800.0 0.1
323900.0 0.1
324000.0 0.1
324100.0 0.1
324200.0 0.1
324300.0 0.1
324400.0 0.1
324500.0 0.1
324600.0 0.1
324700.0 0.1
324800.0 0.1
324900.0 0.1
325000.0 0.1
325100.0 0.1
325200.0 0.1
325300.0 0.1
325400.0 0.1
325500.0 0.1
325600.0 0.1
325700.0 0.1
325800.0 0.1
325900.0 0.1
326000.0 0.1
326100.0 0.1
326200.0 0.1
326300.0 0.1
326400.0 0.1
326500.0 0.1
326600.0 0.1
326700.0 0.1
326800.0 0.1
326900.0 0.1
327000.0 0.1
327100.0 0.1
327200.0 0.1
327300.0 0.1
327400.0 0.1
327500.0 0.1
327600.0 0.1
327700.0 0.1
327800.0 0.1
327900.0 0.1
328000.0 0.1
328100.0 0.1
328200.0 0.1
328300.0 0.1
328400.0 0.1
328500.0 0.1
328600.0 0.1
328700.0 0.1
328800.0 0.1
328900.0 0.1
329000.0 0.1
329100.0 0.1
329200.0 0.1
329300.0 0.1
329400.0 0.1
329500.0 0.1
329600.0 0.1
329700.0 0.1
329800.0 0.1
329900.0 0.1
330000.0 0.1
330100.0 0.1
330200.0 0.1
330300.0 0.1
330400.0 0.1
330500.0 0.1
330600.0 0.1
330700.0 0.1
330800.0 0.1
330900.0 0.1
331000.0 0.1
331100.0 0.1
331200.0 0.1
331300.0 0.1
331400.0 0.1
331500.0 0.1
331600.0 0.1
331700.0 0.1
331800.0 0.1
331900.0 0.1
332000.0 0.1
332100.0 0.1
332200.0 0.1
332300.0 0.1
332400.0 0.1
332500.0 0.1
332600.0 0.1
332700.0 0.1
332800.0 0.1
332900.0 0.1
333000.0 0.1
333100.0 0.1
333200.0 0.1
333300.0 0.1
333400.0 0.1
333500.0 0.1
333600.0 0.1
333700.0 0.1
333800.0 0.1
333900.0 0.1
334000.0 0.1
334100.0 0.1
334200.0 0.1
334300.0 0.1
334400.0 0.1
334500.0 0.1
334600.0 0.1
334700.0 0.1
334800.0 0.1
334900.0 0.1
335000.0 0.1
335100.0 0.1
335200.0 0.1
335300.0 0.1
335400.0 0.1
335500.0 0.1
335600.0 0.1
335700.0 0.1
335800.0 0.1
335900.0 0.1
336000.0 0.1
336100.0 0.1
336200.0 0.1
336300.0 0.1
336400.0 0.1
336500.0 0.1
336600.0 0.1
336700.0 0.1
336800.0 0.1
336900.0 0.1
337000.0 0.1
337100.0 0.1
337200.0 0.1
337300.0 0.1
337400.0 0.1
337500.0 0.1
337600.0 0.1
337700.0 0.1
337800.0 0.1
337900.0 0.1
338000.0 0.1
338100.0 0.1
338200.0 0.1
338300.0 0.1
338400.0 0.1
338500.0 0.1
338600.0 0.1
338700.0 0.1
338800.0 0.1
338900.0 0.1
339000.0 0.1
339100.0 0.1
339200.0 0.1
339300.0 0.1
339400.0 0.1
339500.0 0.1
339600.0 0.1
339700.0 0.1
339800.0 0.1
339900.0 0.1
340000.0 0.1
340100.0 0.1
340200.0 0.1
340300.0 0.1
340400.0 0.1
340500.0 0.1
340600.0 0.1
340700.0 0.1
340800.0 0.1
340900.0 0.1
341000.0 0.1
341100.0 0.1
341200.0 0.1
341300.0 0.1
341400.0 0.1
341500.0 0.1
341600.0 0.1
341700.0 0.1
341800.0 0.1
341900.0 0.1
342000.0 0.1
342100.0 0.1
342200.0 0.1
342300.0 0.1
342400.0 0.1
342500.0 0.1
342600.0 0.1
342700.0 0.1
342800.0 0.1
342900.0 0.1
343000.0 0.1
343100.0 0.1
343200.0 0.1
343300.0 0.1
343400.0 0.1
343500.0 0.1
343600.0 0.1
343700.0 0.1
343800.0 0.1
343900.0 0.1
344000.0 0.1
344100.0 0.1
344200.0 0.1
344300.0 0.1
344400.0 0.1
344500.0 0.1
344600.0 0.1
344700.0 0.1
344800.0 0.1
344900.0 0.1
345000.0 0.1
345100.0 0.1
345200.0 0.1
345300.0 0.1
345400.0 0.1
345500.0 0.1
345600.0 0.1
345700.0 0.1
345800.0 0.1
345900.0 0.1
346000.0 0.1
346100.0 0.1
346200.0 0.1
346300.0 0.1
346400.0 0.1
346500.0 0.1
346600.0 0.1
346700.0 0.1
346800.0 0.1
346900.0 0.1
347000.0 0.1
347100.0 0.1
347200.0 0.1
347300.0 0.1
347400.0 0.1
347500.0 0.1
347600.0 0.1
347700.0 0.1
347800.0 0.1
347900.0 0.1
348000.0 0.1
348100.0 0.1
348200.0 0.1
348300.0 0.1
348400.0 0.1
348500.0 0.1
348600.0 0.1
348700.0 0.1
348800.0 0.1
348900.0 0.1
349000.0 0.1
349100.0 0.1
349200.0 0.1
349300.0 0.1
349400.0 0.1
349500.0 0.1
349600.0 0.1
349700.0 0.1
349800.0 0.1
349900.0 0.1
350000.0 0.1
350100.0 0.1
350200.0 0.1
350300.0 0.1
350400.0 0.1
350500.0 0.1
350600.0 0.1
350700.0 0.1
350800.0 0.1
350900.0 0.1
351000.0 0.1
351100.0 0.1
351200.0 0.1
351300.0 0.1
351400.0 0.1
351500.0 0.1
351600.0 0.1
351700.0 0.1
351800.0 0.1
351900.0 0.1
352000.0 0.1
352100.0 0.1
352200.0 0.1
352300.0 0.1
352400.0 0.1
352500.0 0.1
352600.0 0.1
352700.0 0.1
352800.0 0.1
352900.0 0.1
353000.0 0.1
353100.0 0.1
353200.0 0.1
353300.0 0.1
353400.0 0.1
353500.0 0.1
353600.0 0.1
353700.0 0.1
353800.0 0.1
353900.0 0.1
354000.0 0.1
354100.0 0.1
354200.0 0.1
354300.0 0.1
354400.0 0.1
354500.0 0.1
354600.0 0.1
354700.0 0.1
354800.0 0.1
354900.0 0.1
355000.0 0.1
355100.0 0.1
355200.0 0.1
355300.0 0.1
355400.0 0.1
355500.0 0.1
355600.0 0.1
355700.0 0.1
355800.0 0.1
355900.0 0.1
356000.0 0.1
356100.0 0.1
356200.0 0.1
356300.0 0.1
356400.0 0.1
356500.0 0.1
356600.0 0.1
356700.0 0.1
356800.0 0.1
356900.0 0.1
357000.0 0.1
357100.0 0.1
357200.0 0.1
357300.0 0.1
357400.0 0.1
357500.0 0.1
357600.0 0.1
357700.0 0.1
357800.0 0.1
357900.0 0.1
358000.0 0.1
358100.0 0.1
358200.0 0.1
358300.0 0.1
358400.0 0.1
358500.0 0.1
358600.0 0.1
358700.0 0.1
358800.0 0.1
358900.0 0.1
359000.0 0.1
359100.0 0.1
359200.0 0.1
359300.0 0.1
359400.0 0.1
359500.0 0.1
359600.0 0.1
359700.0 0.1
359800.0 0.1
359900.0 0.1
360000.0 0.1
360100.0 0.1
360200.0 0.1
360300.0 0.1
360400.0 0.1
360500.0 0.1
360600.0 0.1
360700.0 0.1
360800.0 0.1
360900.0 0.1
361000.0 0.1
361100.0 0.1
361200.0 0.1
361300.0 0.1
361400.0 0.1
361500.0 0.1
361600.0 0.1
361700.0 0.1
361800.0 0.1
361900.0 0.1
362000.0 0.1
362100.0 0.1
362200.0 0.1
362300.0 0.1
362400.0 0.1
362500.0 0.1
362600.0 0.1
362700.0 0.1
362800.0 0.1
362900.0 0.1
363000.0 0.1
363100.0 0.1
363200.0 0.1
363300.0 0.1
363400.0 0.1
363500.0 0.1
363600.0 0.1
363700.0 0.1
363800.0 0.1
363900.0 0.1
364000.0 0.1
364100.0 0.1
364200.0 0.1
364300.0 0.1
364400.0 0.1
364500.0 0.1
364600.0 0.1
364700.0 0.1
364800.0 0.1
364900.0 0.1
365000.0 0.1
365100.0 0.1
365200.0 0.1
365300.0 0.1
365400.0 0.1
365500.0 0.1
365600.0 0.1
365700.0 0.1
365800.0 0.1
365900.0 0.1
366000.0 0.1
366100.0 0.1
366200.0 0.1
366300.0 0.1
366400.0 0.1
366500.0 0.1
366600.0 0.1
366700.0 0.1
366800.0 0.1
366900.0 0.1
367000.0 0.1
367100.0 0.1
367200.0 0.1
367300.0 0.1
367400.0 0.1
367500.0 0.1
367600.0 0.1
367700.0 0.1
367800.0 0.1
367900.0 0.1
368000.0 0.1
368100.0 0.1
368200.0 0.1
368300.0 0.1
368400.0 0.1
368500.0 0.1
368600.0 0.1
368700.0 0.1
368800.0 0.1
368900.0 0.1
369000.0 0.1
369100.0 0.1
369200.0 0.1
369300.0 0.1
369400.0 0.1
369500.0 0.1
369600.0 0.1
369700.0 0.1
369800.0 0.1
369900.0 0.1
370000.0 0.1
370100.0 0.1
370200.0 0.1
370300.0 0.1
370400.0 0.1
370500.0 0.1
370600.0 0.1
370700.0 0.1
370800.0 0.1
370900.0 0.1
371000.0 0.1
371100.0 0.1
371200.0 0.1
371300.0 0.1
371400.0 0.1
371500.0 0.1
371600.0 0.1
371700.0 0.1
371800.0 0.1
371900.0 0.1
372000.0 0.1
372100.0 0.1
372200.0 0.1
372300.0 0.1
372400.0 0.1
372500.0 0.1
372600.0 0.1
372700.0 0.1
372800.0 0.1
372900.0 0.1
373000.0 0.1
373100.0 0.1
373200.0 0.1
373300.0 0.1
373400.0 0.1
373500.0 0.1
373600.0 0.1
373700.0 0.1
373800.0 0.1
373900.0 0.1
374000.0 0.1
374100.0 0.1
374200.0 0.1
374300.0 0.1
374400.0 0.1
374500.0 0.1
374600.0 0.1
374700.0 0.1
374800.0 0.1
374900.0 0.1
375000.0 0.1
375100.0 0.1
375200.0 0.1
375300.0 0.1
375400.0 0.1
375500.0 0.1
375600.0 0.1
375700.0 0.1
375800.0 0.1
375900.0 0.1
376000.0 0.1
376100.0 0.1
376200.0 0.1
376300.0 0.1
376400.0 0.1
376500.0 0.1
376600.0 0.1
376700.0 0.1
376800.0 0.1
376900.0 0.1
377000.0 0.1
377100.0 0.1
377200.0 0.1
377300.0 0.1
377400.0 0.1
377500.0 0.1
377600.0 0.1
377700.0 0.1
377800.0 0.1
377900.0 0.1
378000.0 0.1
378100.0 0.1
378200.0 0.1
378300.0 0.1
378400.0 0.1
378500.0 0.1
378600.0 0.1
378700.0 0.1
378800.0 0.1
378900.0 0.1
379000.0 0.1
379100.0 0.1
379200.0 0.1
379300.0 0.1
379400.0 0.1
379500.0 0.1
379600.0 0.1
379700.0 0.1
379800.0 0.1
379900.0 0.1
380000.0 0.1
380100.0 0.1
380200.0 0.1
380300.0 0.1
380400.0 0.1
380500.0 0.1
380600.0 0.1
380700.0 0.1
380800.0 0.1
380900.0 0.1
381000.0 0.1
381100.0 0.1
381200.0 0.1
381300.0 0.1
381400.0 0.1
381500.0 0.1
381600.0 0.1
381700.0 0.1
381800.0 0.1
381900.0 0.1
382000.0 0.1
382100.0 0.1
382200.0 0.1
382300.0 0.1
382400.0 0.1
382500.0 0.1
382600.0 0.1
382700.0 0.1
382800.0 0.1
382900.0 0.1
383000.0 0.1
383100.0 0.1
383200.0 0.1
383300.0 0.1
383400.0 0.1
383500.0 0.1
383600.0 0.1
383700.0 0.1
383800.0 0.1
383900.0 0.1
384000.0 0.1
384100.0 0.1
384200.0 0.1
384300.0 0.1
384400.0 0.1
384500.0 0.1
384600.0 0.1
384700.0 0.1
384800.0 0.1
384900.0 0.1
385000.0 0.1
385100.0 0.1
385200.0 0.1
385300.0 0.1
385400.0 0.1
385500.0 0.1
385600.0 0.1
385700.0 0.1
385800.0 0.1
385900.0 0.1
386000.0 0.1
386100.0 0.1
386200.0 0.1
386300.0 0.1
386400.0 0.1
386500.0 0.1
386600.0 0.1
386700.0 0.1
386800.0 0.1
386900.0 0.1
387000.0 0.1
387100.0 0.1
387200.0 0.1
387300.0 0.1
387400.0 0.1
387500.0 0.1
387600.0 0.1
387700.0 0.1
387800.0 0.1
387900.0 0.1
388000.0 0.1
388100.0 0.1
388200.0 0.1
388300.0 0.1
388400.0 0.1
388500.0 0.1
388600.0 0.1
388700.0 0.1
388800.0 0.1
388900.0 0.1
389000.0 0.1
389100.0 0.1
389200.0 0.1
389300.0 0.1
389400.0 0.1
389500.0 0.1
389600.0 0.1
389700.0 0.1
389800.0 0.1
389900.0 0.1
390000.0 0.1
390100.0 0.1
390200.0 0.1
390300.0 0.1
390400.0 0.1
390500.0 0.1
390600.0 0.1
390700.0 0.1
390800.0 0.1
390900.0 0.1
391000.0 0.1
391100.0 0.1
391200.0 0.1
391300.0 0.1
391400.0 0.1
391500.0 0.1
391600.0 0.1
391700.0 0.1
391800.0 0.1
391900.0 0.1
392000.0 0.1
392100.0 0.1
392200.0 0.1
392300.0 0.1
392400.0 0.1
392500.0 0.1
392600.0 0.1
392700.0 0.1
392800.0 0.1
392900.0 0.1
393000.0 0.1
393100.0 0.1
393200.0 0.1
393300.0 0.1
393400.0 0.1
393500.0 0.1
393600.0 0.1
393700.0 0.1
393800.0 0.1
393900.0 0.1
394000.0 0.1
394100.0 0.1
394200.0 0.1
394300.0 0.1
394400.0 0.1
394500.0 0.1
394600.0 0.1
394700.0 0.1
394800.0 0.1
394900.0 0.1
395000.0 0.1
395100.0 0.1
395200.0 0.1
395300.0 0.1
395400.0 0.1
395500.0 0.1
395600.0 0.1
395700.0 0.1
395800.0 0.1
395900.0 0.1
396000.0 0.1
396100.0 0.1
396200.0 0.1
396300.0 0.1
396400.0 0.1
396500.0 0.1
396600.0 0.1
396700.0 0.1
396800.0 0.1
396900.0 0.1
397000.0 0.1
397100.0 0.1
397200.0 0.1
397300.0 0.1
397400.0 0.1
397500.0 0.1
397600.0 0.1
397700.0 0.1
397800.0 0.1
397900.0 0.1
398000.0 0.1
398100.0 0.1
398200.0 0.1
398300.0 0.1
398400.0 0.1
398500.0 0.1
398600.0 0.1
398700.0 0.1
398800.0 0.1
398900.0 0.1
399000.0 0.1
399100.0 0.1
399200.0 0.1
399300.0 0.1
399400.0 0.1
399500.0 0.1
399600.0 0.1
399700.0 0.1
399800.0 0.1
399900.0 0.1
400000.0 0.1
400100.0 0.1
400200.0 0.1
400300.0 0.1
400400.0 0.1
400500.0 0.1
400600.0 0.1
400700.0 0.1
400800.0 0.1
400900.0 0.1
401000.0 0.1
401100.0 0.1
401200.0 0.1
401300.0 0.1
401400.0 0.1
401500.0 0.1
401600.0 0.1
401700.0 0.1
401800.0 0.1
401900.0 0.1
402000.0 0.1
402100.0 0.1
402200.0 0.1
402300.0 0.1
402400.0 0.1
402500.0 0.1
402600.0 0.1
402700.0 0.1
402800.0 0.1
402900.0 0.1
403000.0 0.1
403100.0 0.1
403200.0 0.1
403300.0 0.1
403400.0 0.1
403500.0 0.1
403600.0 0.1
403700.0 0.1
403800.0 0.1
403900.0 0.1
404000.0 0.1
404100.0 0.1
404200.0 0.1
404300.0 0.1
404400.0 0.1
404500.0 0.1
404600.0 0.1
404700.0 0.1
404800.0 0.1
404900.0 0.1
405000.0 0.1
405100.0 0.1
405200.0 0.1
405300.0 0.1
405400.0 0.1
405500.0 0.1
405600.0 0.1
405700.0 0.1
405800.0 0.1
405900.0 0.1
406000.0 0.1
406100.0 0.1
406200.0 0.1
406300.0 0.1
406400.0 0.1
406500.0 0.1
406600.0 0.1
406700.0 0.1
406800.0 0.1
406900.0 0.1
407000.0 0.1
407100.0 0.1
407200.0 0.1
407300.0 0.1
407400.0 0.1
407500.0 0.1
407600.0 0.1
407700.0 0.1
407800.0 0.1
407900.0 0.1
408000.0 0.1
408100.0 0.1
408200.0 0.1
408300.0 0.1
408400.0 0.1
408500.0 0.1
408600.0 0.1
408700.0 0.1
408800.0 0.1
408900.0 0.1
409000.0 0.1
409100.0 0.1
409200.0 0.1
409300.0 0.1
409400.0 0.1
409500.0 0.1
409600.0 0.1
409700.0 0.1
409800.0 0.1
409900.0 0.1
410000.0 0.1
410100.0 0.1
410200.0 0.1
410300.0 0.1
410400.0 0.1
410500.0 0.1
410600.0 0.1
410700.0 0.1
410800.0 0.1
410900.0 0.1
411000.0 0.1
411100.0 0.1
411200.0 0.1
411300.0 0.1
411400.0 0.1
411500.0 0.1
411600.0 0.1
411700.0 0.1
411800.0 0.1
411900.0 0.1
412000.0 0.1
412100.0 0.1
412200.0 0.1
412300.0 0.1
412400.0 0.1
412500.0 0.1
412600.0 0.1
412700.0 0.1
412800.0 0.1
412900.0 0.1
413000.0 0.1
413100.0 0.1
413200.0 0.1
413300.0 0.1
413400.0 0.1
413500.0 0.1
413600.0 0.1
413700.0 0.1
413800.0 0.1
413900.0 0.1
414000.0 0.1
414100.0 0.1
414200.0 0.1
414300.0 0.1
414400.0 0.1
414500.0 0.1
414600.0 0.1
414700.0 0.1
414800.0 0.1
414900.0 0.1
415000.0 0.1
415100.0 0.1
415200.0 0.1
415300.0 0.1
415400.0 0.1
415500.0 0.1
415600.0 0.1
415700.0 0.1
415800.0 0.1
415900.0 0.1
416000.0 0.1
416100.0 0.1
416200.0 0.1
416300.0 0.1
416400.0 0.1
416500.0 0.1
416600.0 0.1
416700.0 0.1
416800.0 0.1
416900.0 0.1
417000.0 0.1
417100.0 0.1
417200.0 0.1
417300.0 0.1
417400.0 0.1
417500.0 0.1
417600.0 0.1
417700.0 0.1
417800.0 0.1
417900.0 0.1
418000.0 0.1
418100.0 0.1
418200.0 0.1
418300.0 0.1
418400.0 0.1
418500.0 0.1
418600.0 0.1
418700.0 0.1
418800.0 0.1
418900.0 0.1
419000.0 0.1
419100.0 0.1
419200.0 0.1
419300.0 0.1
419400.0 0.1
419500.0 0.1
419600.0 0.1
419700.0 0.1
419800.0 0.1
419900.0 0.1
420000.0 0.1
420100.0 0.1
420200.0 0.1
420300.0 0.1
420400.0 0.1
420500.0 0.1
420600.0 0.1
420700.0 0.1
420800.0 0.1
420900.0 0.1
421000.0 0.1
421100.0 0.1
421200.0 0.1
421300.0 0.1
421400.0 0.1
421500.0 0.1
421600.0 0.1
421700.0 0.1
421800.0 0.1
421900.0 0.1
422000.0 0.1
422100.0 0.1
422200.0 0.1
422300.0 0.1
422400.0 0.1
422500.0 0.1
422600.0 0.1
422700.0 0.1
422800.0 0.1
422900.0 0.1
423000.0 0.1
423100.0 0.1
423200.0 0.1
423300.0 0.1
423400.0 0.1
423500.0 0.1
423600.0 0.1
423700.0 0.1
423800.0 0.1
423900.0 0.1
424000.0 0.1
424100.0 0.1
424200.0 0.1
424300.0 0.1
424400.0 0.1
424500.0 0.1
424600.0 0.1
424700.0 0.1
424800.0 0.1
424900.0 0.1
425000.0 0.1
425100.0 0.1
425200.0 0.1
425300.0 0.1
425400.0 0.1
425500.0 0.1
425600.0 0.1
425700.0 0.1
425800.0 0.1
425900.0 0.1
426000.0 0.1
426100.0 0.1
426200.0 0.1
426300.0 0.1
426400.0 0.1
426500.0 0.1
426600.0 0.1
426700.0 0.1
426800.0 0.1
426900.0 0.1
427000.0 0.1
427100.0 0.1
427200.0 0.1
427300.0 0.1
427400.0 0.1
427500.0 0.1
427600.0 0.1
427700.0 0.1
427800.0 0.1
427900.0 0.1
428000.0 0.1
428100.0 0.1
428200.0 0.1
428300.0 0.1
428400.0 0.1
428500.0 0.1
428600.0 0.1
428700.0 0.1
428800.0 0.1
428900.0 0.1
429000.0 0.1
429100.0 0.1
429200.0 0.1
429300.0 0.1
429400.0 0.1
429500.0 0.1
429600.0 0.1
429700.0 0.1
429800.0 0.1
429900.0 0.1
430000.0 0.1
430100.0 0.1
430200.0 0.1
430300.0 0.1
430400.0 0.1
430500.0 0.1
430600.0 0.1
430700.0 0.1
430800.0 0.1
430900.0 0.1
431000.0 0.1
431100.0 0.1
431200.0 0.1
431300.0 0.1
431400.0 0.1
431500.0 0.1
431600.0 0.1
431700.0 0.1
431800.0 0.1
431900.0 0.1
432000.0 0.1
432100.0 0.1
432200.0 0.1
432300.0 0.1
432400.0 0.1
432500.0 0.1
432600.0 0.1
432700.0 0.1
432800.0 0.1
432900.0 0.1
433000.0 0.1
433100.0 0.1
433200.0 0.1
433300.0 0.1
433400.0 0.1
433500.0 0.1
433600.0 0.1
433700.0 0.1
433800.0 0.1
433900.0 0.1
434000.0 0.1
434100.0 0.1
434200.0 0.1
434300.0 0.1
434400.0 0.1
434500.0 0.1
434600.0 0.1
434700.0 0.1
434800.0 0.1
434900.0 0.1
435000.0 0.1
435100.0 0.1
435200.0 0.1
435300.0 0.1
435400.0 0.1
435500.0 0.1
435600.0 0.1
435700.0 0.1
435800.0 0.1
435900.0 0.1
436000.0 0.1
436100.0 0.1
436200.0 0.1
436300.0 0.1
436400.0 0.1
436500.0 0.1
436600.0 0.1
436700.0 0.1
436800.0 0.1
436900.0 0.1
437000.0 0.1
437100.0 0.1
437200.0 0.1
437300.0 0.1
437400.0 0.1
437500.0 0.1
437600.0 0.1
437700.0 0.1
437800.0 0.1
437900.0 0.1
438000.0 0.1
438100.0 0.1
438200.0 0.1
438300.0 0.1
438400.0 0.1
438500.0 0.1
438600.0 0.1
438700.0 0.1
438800.0 0.1
438900.0 0.1
439000.0 0.1
439100.0 0.1
439200.0 0.1
439300.0 0.1
439400.0 0.1
439500.0 0.1
439600.0 0.1
439700.0 0.1
439800.0 0.1
439900.0 0.1
440000.0 0.1
440100.0 0.1
440200.0 0.1
440300.0 0.1
440400.0 0.1
440500.0 0.1
440600.0 0.1
440700.0 0.1
440800.0 0.1
440900.0 0.1
441000.0 0.1
441100.0 0.1
441200.0 0.1
441300.0 0.1
441400.0 0.1
441500.0 0.1
441600.0 0.1
441700.0 0.1
441800.0 0.1
441900.0 0.1
442000.0 0.1
442100.0 0.1
442200.0 0.1
442300.0 0.1
442400.0 0.1
442500.0 0.1
442600.0 0.1
442700.0 0.1
442800.0 0.1
442900.0 0.1
443000.0 0.1
443100.0 0.1
443200.0 0.1
443300.0 0.1
443400.0 0.1
443500.0 0.1
443600.0 0.1
443700.0 0.1
443800.0 0.1
443900.0 0.1
444000.0 0.1
444100.0 0.1
444200.0 0.1
444300.0 0.1
444400.0 0.1
444500.0 0.1
444600.0 0.1
444700.0 0.1
444800.0 0.1
444900.0 0.1
445000.0 0.1
445100.0 0.1
445200.0 0.1
445300.0 0.1
445400.0 0.1
445500.0 0.1
445600.0 0.1
445700.0 0.1
445800.0 0.1
445900.0 0.1
446000.0 0.1
446100.0 0.1
446200.0 0.1
446300.0 0.1
446400.0 0.1
446500.0 0.1
446600.0 0.1
446700.0 0.1
446800.0 0.1
446900.0 0.1
447000.0 0.1
447100.0 0.1
447200.0 0.1
447300.0 0.1
447400.0 0.1
447500.0 0.1
447600.0 0.1
447700.0 0.1
447800.0 0.1
447900.0 0.1
448000.0 0.1
448100.0 0.1
448200.0 0.1
448300.0 0.1
448400.0 0.1
448500.0 0.1
448600.0 0.1
448700.0 0.1
448800.0 0.1
448900.0 0.1
449000.0 0.1
449100.0 0.1
449200.0 0.1
449300.0 0.1
449400.0 0.1
449500.0 0.1
449600.0 0.1
449700.0 0.1
449800.0 0.1
449900.0 0.1
450000.0 0.1
450100.0 0.1
450200.0 0.1
450300.0 0.1
450400.0 0.1
450500.0 0.1
450600.0 0.1
450700.0 0.1
450800.0 0.1
450900.0 0.1
451000.0 0.1
451100.0 0.1
451200.0 0.1
451300.0 0.1
451400.0 0.1
451500.0 0.1
451600.0 0.1
451700.0 0.1
451800.0 0.1
451900.0 0.1
452000.0 0.1
452100.0 0.1
452200.0 0.1
452300.0 0.1
452400.0 0.1
452500.0 0.1
452600.0 0.1
452700.0 0.1
452800.0 0.1
452900.0 0.1
453000.0 0.1
453100.0 0.1
453200.0 0.1
453300.0 0.1
453400.0 0.1
453500.0 0.1
453600.0 0.1
453700.0 0.1
453800.0 0.1
453900.0 0.1
454000.0 0.1
454100.0 0.1
454200.0 0.1
454300.0 0.1
454400.0 0.1
454500.0 0.1
454600.0 0.1
454700.0 0.1
454800.0 0.1
454900.0 0.1
455000.0 0.1
455100.0 0.1
455200.0 0.1
455300.0 0.1
455400.0 0.1
455500.0 0.1
455600.0 0.1
455700.0 0.1
455800.0 0.1
455900.0 0.1
456000.0 0.1
456100.0 0.1
456200.0 0.1
456300.0 0.1
456400.0 0.1
456500.0 0.1
456600.0 0.1
456700.0 0.1
456800.0 0.1
456900.0 0.1
457000.0 0.1
457100.0 0.1
457200.0 0.1
457300.0 0.1
457400.0 0.1
457500.0 0.1
457600.0 0.1
457700.0 0.1
457800.0 0.1
457900.0 0.1
458000.0 0.1
458100.0 0.1
458200.0 0.1
458300.0 0.1
458400.0 0.1
458500.0 0.1
458600.0 0.1
458700.0 0.1
458800.0 0.1
458900.0 0.1
459000.0 0.1
459100.0 0.1
459200.0 0.1
459300.0 0.1
459400.0 0.1
459500.0 0.1
459600.0 0.1
459700.0 0.1
459800.0 0.1
459900.0 0.1
460000.0 0.1
460100.0 0.1
460200.0 0.1
460300.0 0.1
460400.0 0.1
460500.0 0.1
460600.0 0.1
460700.0 0.1
460800.0 0.1
460900.0 0.1
461000.0 0.1
461100.0 0.1
461200.0 0.1
461300.0 0.1
461400.0 0.1
461500.0 0.1
461600.0 0.1
461700.0 0.1
461800.0 0.1
461900.0 0.1
462000.0 0.1
462100.0 0.1
462200.0 0.1
462300.0 0.1
462400.0 0.1
462500.0 0.1
462600.0 0.1
462700.0 0.1
462800.0 0.1
462900.0 0.1
463000.0 0.1
463100.0 0.1
463200.0 0.1
463300.0 0.1
463400.0 0.1
463500.0 0.1
463600.0 0.1
463700.0 0.1
463800.0 0.1
463900.0 0.1
464000.0 0.1
464100.0 0.1
464200.0 0.1
464300.0 0.1
464400.0 0.1
464500.0 0.1
464600.0 0.1
464700.0 0.1
464800.0 0.1
464900.0 0.1
465000.0 0.1
465100.0 0.1
465200.0 0.1
465300.0 0.1
465400.0 0.1
465500.0 0.1
465600.0 0.1
465700.0 0.1
465800.0 0.1
465900.0 0.1
466000.0 0.1
466100.0 0.1
466200.0 0.1
466300.0 0.1
466400.0 0.1
466500.0 0.1
466600.0 0.1
466700.0 0.1
466800.0 0.1
466900.0 0.1
467000.0 0.1
467100.0 0.1
467200.0 0.1
467300.0 0.1
467400.0 0.1
467500.0 0.1
467600.0 0.1
467700.0 0.1
467800.0 0.1
467900.0 0.1
468000.0 0.1
468100.0 0.1
468200.0 0.1
468300.0 0.1
468400.0 0.1
468500.0 0.1
468600.0 0.1
468700.0 0.1
468800.0 0.1
468900.0 0.1
469000.0 0.1
469100.0 0.1
469200.0 0.1
469300.0 0.1
469400.0 0.1
469500.0 0.1
469600.0 0.1
469700.0 0.1
469800.0 0.1
469900.0 0.1
470000.0 0.1
470100.0 0.1
470200.0 0.1
470300.0 0.1
470400.0 0.1
470500.0 0.1
470600.0 0.1
470700.0 0.1
470800.0 0.1
470900.0 0.1
471000.0 0.1
471100.0 0.1
471200.0 0.1
471300.0 0.1
471400.0 0.1
471500.0 0.1
471600.0 0.1
471700.0 0.1
471800.0 0.1
471900.0 0.1
472000.0 0.1
472100.0 0.1
472200.0 0.1
472300.0 0.1
472400.0 0.1
472500.0 0.1
472600.0 0.1
472700.0 0.1
472800.0 0.1
472900.0 0.1
473000.0 0.1
473100.0 0.1
473200.0 0.1
473300.0 0.1
473400.0 0.1
473500.0 0.1
473600.0 0.1
473700.0 0.1
473800.0 0.1
473900.0 0.1
474000.0 0.1
474100.0 0.1
474200.0 0.1
474300.0 0.1
474400.0 0.1
474500.0 0.1
474600.0 0.1
474700.0 0.1
474800.0 0.1
474900.0 0.1
475000.0 0.1
475100.0 0.1
475200.0 0.1
475300.0 0.1
475400.0 0.1
475500.0 0.1
475600.0 0.1
475700.0 0.1
475800.0 0.1
475900.0 0.1
476000.0 0.1
476100.0 0.1
476200.0 0.1
476300.0 0.1
476400.0 0.1
476500.0 0.1
476600.0 0.1
476700.0 0.1
476800.0 0.1
476900.0 0.1
477000.0 0.1
477100.0 0.1
477200.0 0.1
477300.0 0.1
477400.0 0.1
477500.0 0.1
477600.0 0.1
477700.0 0.1
477800.0 0.1
477900.0 0.1
478000.0 0.1
478100.0 0.1
478200.0 0.1
478300.0 0.1
478400.0 0.1
478500.0 0.1
478600.0 0.1
478700.0 0.1
478800.0 0.1
478900.0 0.1
479000.0 0.1
479100.0 0.1
479200.0 0.1
479300.0 0.1
479400.0 0.1
479500.0 0.1
479600.0 0.1
479700.0 0.1
479800.0 0.1
479900.0 0.1
480000.0 0.1
480100.0 0.1
480200.0 0.1
480300.0 0.1
480400.0 0.1
480500.0 0.1
480600.0 0.1
480700.0 0.1
480800.0 0.1
480900.0 0.1
481000.0 0.1
481100.0 0.1
481200.0 0.1
481300.0 0.1
481400.0 0.1
481500.0 0.1
481600.0 0.1
481700.0 0.1
481800.0 0.1
481900.0 0.1
482000.0 0.1
482100.0 0.1
482200.0 0.1
482300.0 0.1
482400.0 0.1
482500.0 0.1
482600.0 0.1
482700.0 0.1
482800.0 0.1
482900.0 0.1
483000.0 0.1
483100.0 0.1
483200.0 0.1
483300.0 0.1
483400.0 0.1
483500.0 0.1
483600.0 0.1
483700.0 0.1
483800.0 0.1
483900.0 0.1
484000.0 0.1
484100.0 0.1
484200.0 0.1
484300.0 0.1
484400.0 0.1
484500.0 0.1
484600.0 0.1
484700.0 0.1
484800.0 0.1
484900.0 0.1
485000.0 0.1
485100.0 0.1
485200.0 0.1
485300.0 0.1
485400.0 0.1
485500.0 0.1
485600.0 0.1
485700.0 0.1
485800.0 0.1
485900.0 0.1
486000.0 0.1
486100.0 0.1
486200.0 0.1
486300.0 0.1
486400.0 0.1
486500.0 0.1
486600.0 0.1
486700.0 0.1
486800.0 0.1
486900.0 0.1
487000.0 0.1
487100.0 0.1
487200.0 0.1
487300.0 0.1
487400.0 0.1
487500.0 0.1
487600.0 0.1
487700.0 0.1
487800.0 0.1
487900.0 0.1
488000.0 0.1
488100.0 0.1
488200.0 0.1
488300.0 0.1
488400.0 0.1
488500.0 0.1
488600.0 0.1
488700.0 0.1
488800.0 0.1
488900.0 0.1
489000.0 0.1
489100.0 0.1
489200.0 0.1
489300.0 0.1
489400.0 0.1
489500.0 0.1
489600.0 0.1
489700.0 0.1
489800.0 0.1
489900.0 0.1
490000.0 0.1
490100.0 0.1
490200.0 0.1
490300.0 0.1
490400.0 0.1
490500.0 0.1
490600.0 0.1
490700.0 0.1
490800.0 0.1
490900.0 0.1
491000.0 0.1
491100.0 0.1
491200.0 0.1
491300.0 0.1
491400.0 0.1
491500.0 0.1
491600.0 0.1
491700.0 0.1
491800.0 0.1
491900.0 0.1
492000.0 0.1
492100.0 0.1
492200.0 0.1
492300.0 0.1
492400.0 0.1
492500.0 0.1
492600.0 0.1
492700.0 0.1
492800.0 0.1
492900.0 0.1
493000.0 0.1
493100.0 0.1
493200.0 0.1
493300.0 0.1
493400.0 0.1
493500.0 0.1
493600.0 0.1
493700.0 0.1
493800.0 0.1
493900.0 0.1
494000.0 0.1
494100.0 0.1
494200.0 0.1
494300.0 0.1
494400.0 0.1
494500.0 0.1
494600.0 0.1
494700.0 0.1
494800.0 0.1
494900.0 0.1
495000.0 0.1
495100.0 0.1
495200.0 0.1
495300.0 0.1
495400.0 0.1
495500.0 0.1
495600.0 0.1
495700.0 0.1
495800.0 0.1
495900.0 0.1
496000.0 0.1
496100.0 0.1
496200.0 0.1
496300.0 0.1
496400.0 0.1
496500.0 0.1
496600.0 0.1
496700.0 0.1
496800.0 0.1
496900.0 0.1
497000.0 0.1
497100.0 0.1
497200.0 0.1
497300.0 0.1
497400.0 0.1
497500.0 0.1
497600.0 0.1
497700.0 0.1
497800.0 0.1
497900.0 0.1
498000.0 0.1
498100.0 0.1
498200.0 0.1
498300.0 0.1
498400.0 0.1
498500.0 0.1
498600.0 0.1
498700.0 0.1
498800.0 0.1
498900.0 0.1
499000.0 0.1
499100.0 0.1
499200.0 0.1
499300.0 0.1
499400.0 0.1
499500.0 0.1
499600.0 0.1
499700.0 0.1
499800.0 0.1
499900.0 0.1
500000.0 0.1
