100.0 12.4
200.0 10.9
300.0 10.6
400.0 10.6
500.0 11.1
600.0 11.6
700.0 11.6
800.0 11.3
900.0 10.6
1000.0 10.9
1100.0 10.9
1200.0 10.4
1300.0 11.7
1400.0 11.0
1500.0 9.2
1600.0 11.7
1700.0 12.4
1800.0 9.8
1900.0 10.9
2000.0 12.3
2100.0 12.0
2200.0 11.6
2300.0 10.8
2400.0 10.2
2500.0 11.2
2600.0 12.2
2700.0 11.1
2800.0 10.6
2900.0 10.7
3000.0 11.5
3100.0 9.8
3200.0 11.4
3300.0 10.6
3400.0 10.6
3500.0 9.5
3600.0 9.5
3700.0 10.5
3800.0 9.4
3900.0 10.7
4000.0 9.9
4100.0 11.2
4200.0 14.1
4300.0 11.1
4400.0 10.8
4500.0 11.1
4600.0 10.2
4700.0 11.1
4800.0 10.5
4900.0 10.9
5000.0 11.3
5100.0 10.7
5200.0 10.5
5300.0 10.3
5400.0 11.5
5500.0 10.3
5600.0 10.2
5700.0 9.6
5800.0 9.1
5900.0 10.9
6000.0 11.5
6100.0 11.0
6200.0 11.6
6300.0 10.6
6400.0 10.6
6500.0 11.0
6600.0 9.2
6700.0 12.4
6800.0 10.0
6900.0 10.4
7000.0 9.3
7100.0 8.7
7200.0 10.5
7300.0 10.2
7400.0 10.6
7500.0 12.1
7600.0 11.9
7700.0 11.2
7800.0 11.4
7900.0 11.9
8000.0 12.1
8100.0 11.3
8200.0 11.4
8300.0 12.1
8400.0 10.4
8500.0 11.8
8600.0 13.3
8700.0 12.9
8800.0 11.0
8900.0 10.3
9000.0 11.1
9100.0 12.0
9200.0 11.8
9300.0 10.0
9400.0 12.9
9500.0 10.6
9600.0 10.9
9700.0 11.5
9800.0 11.0
9900.0 11.6
10000.0 9.7
10100.0 11.8
10200.0 10.5
10300.0 10.6
10400.0 11.6
10500.0 11.0
10600.0 11.3
10700.0 11.5
10800.0 11.0
10900.0 13.2
11000.0 11.8
11100.0 11.7
11200.0 9.2
11300.0 10.8
11400.0 11.9
11500.0 10.7
11600.0 11.1
11700.0 11.6
11800.0 11.2
11900.0 11.2
12000.0 10.8
12100.0 12.1
12200.0 13.0
12300.0 10.9
12400.0 12.0
12500.0 9.5
12600.0 11.9
12700.0 10.7
12800.0 9.7
12900.0 11.3
13000.0 10.0
13100.0 11.3
13200.0 9.7
13300.0 10.1
13400.0 11.4
13500.0 10.2
13600.0 10.5
13700.0 9.8
13800.0 10.2
13900.0 11.9
14000.0 12.3
14100.0 11.4
14200.0 12.3
14300.0 10.6
14400.0 10.6
14500.0 10.4
14600.0 10.6
14700.0 10.3
14800.0 9.7
14900.0 11.0
15000.0 11.8
15100.0 8.8
15200.0 10.5
15300.0 11.5
15400.0 12.0
15500.0 10.4
15600.0 11.1
15700.0 10.9
15800.0 9.5
15900.0 10.2
16000.0 10.4
16100.0 9.9
16200.0 10.9
16300.0 10.0
16400.0 10.2
16500.0 10.5
16600.0 10.9
16700.0 10.5
16800.0 9.5
16900.0 8.7
17000.0 10.8
17100.0 11.4
17200.0 11.8
17300.0 10.4
17400.0 10.8
17500.0 10.0
17600.0 10.8
17700.0 9.3
17800.0 11.8
17900.0 11.2
18000.0 11.5
18100.0 11.6
18200.0 11.5
18300.0 11.0
18400.0 10.4
18500.0 10.8
18600.0 12.1
18700.0 11.7
18800.0 10.7
18900.0 10.5
19000.0 11.4
19100.0 11.5
19200.0 9.7
19300.0 11.9
19400.0 11.3
19500.0 9.5
19600.0 11.2
19700.0 9.3
19800.0 10.4
19900.0 9.5
20000.0 10.3
20100.0 10.7
20200.0 10.7
20300.0 10.7
20400.0 10.7
20500.0 10.6
20600.0 10.8
20700.0 11.4
20800.0 10.9
20900.0 12.0
21000.0 10.8
21100.0 9.2
21200.0 12.0
21300.0 12.9
21400.0 10.7
21500.0 9.5
21600.0 10.6
21700.0 10.6
21800.0 9.6
21900.0 11.0
22000.0 9.2
22100.0 10.4
22200.0 9.6
22300.0 10.2
22400.0 10.1
22500.0 9.3
22600.0 10.6
22700.0 9.9
22800.0 9.8
22900.0 11.6
23000.0 12.9
23100.0 9.3
23200.0 9.9
23300.0 10.3
23400.0 11.2
23500.0 10.8
23600.0 9.3
23700.0 10.2
23800.0 10.2
23900.0 12.2
24000.0 11.6
24100.0 12.1
24200.0 11.9
24300.0 11.8
24400.0 11.2
24500.0 11.8
24600.0 10.9
24700.0 9.6
24800.0 10.4
24900.0 12.3
25000.0 11.3
25100.0 9.9
25200.0 9.5
25300.0 11.6
25400.0 10.6
25500.0 11.8
25600.0 8.8
25700.0 10.1
25800.0 10.8
25900.0 8.8
26000.0 10.4
26100.0 10.1
26200.0 12.6
26300.0 10.9
26400.0 11.5
26500.0 9.6
26600.0 10.7
26700.0 9.9
26800.0 9.0
26900.0 11.2
27000.0 11.7
27100.0 12.1
27200.0 9.9
27300.0 11.6
27400.0 12.1
27500.0 10.8
27600.0 10.6
27700.0 11.9
27800.0 12.0
27900.0 11.4
28000.0 11.8
28100.0 10.7
28200.0 9.7
28300.0 10.8
28400.0 10.4
28500.0 10.5
28600.0 10.6
28700.0 10.2
28800.0 11.4
28900.0 9.9
29000.0 10.7
29100.0 12.1
29200.0 9.9
29300.0 9.8
29400.0 10.3
29500.0 9.4
29600.0 10.3
29700.0 11.5
29800.0 9.4
29900.0 9.7
30000.0 9.7
30100.0 9.3
30200.0 10.4
30300.0 11.4
30400.0 9.7
30500.0 10.5
30600.0 12.2
30700.0 9.9
30800.0 8.6
30900.0 8.9
31000.0 10.7
31100.0 10.8
31200.0 9.8
31300.0 10.1
31400.0 9.2
31500.0 10.0
31600.0 9.3
31700.0 11.2
31800.0 10.2
31900.0 11.7
32000.0 13.2
32100.0 11.0
32200.0 11.0
32300.0 10.0
32400.0 11.1
32500.0 10.3
32600.0 11.0
32700.0 9.7
32800.0 8.8
32900.0 9.6
33000.0 9.4
33100.0 10.3
33200.0 10.7
33300.0 11.5
33400.0 12.8
33500.0 10.7
33600.0 10.0
33700.0 11.7
33800.0 10.9
33900.0 11.1
34000.0 9.6
34100.0 10.7
34200.0 10.4
34300.0 11.5
34400.0 10.2
34500.0 9.2
34600.0 10.9
34700.0 11.3
34800.0 10.6
34900.0 12.2
35000.0 10.9
35100.0 9.3
35200.0 10.3
35300.0 9.3
35400.0 10.2
35500.0 10.5
35600.0 9.7
35700.0 9.9
35800.0 9.3
35900.0 10.9
36000.0 9.7
36100.0 9.5
36200.0 9.5
36300.0 9.3
36400.0 10.4
36500.0 9.6
36600.0 10.3
36700.0 11.9
36800.0 11.6
36900.0 9.3
37000.0 9.2
37100.0 10.4
37200.0 11.2
37300.0 11.0
37400.0 11.2
37500.0 11.1
37600.0 10.2
37700.0 10.9
37800.0 10.7
37900.0 8.9
38000.0 9.4
38100.0 10.5
38200.0 10.4
38300.0 8.7
38400.0 12.1
38500.0 11.5
38600.0 11.1
38700.0 10.2
38800.0 10.6
38900.0 10.2
39000.0 9.0
39100.0 10.1
39200.0 9.1
39300.0 10.4
39400.0 11.1
39500.0 8.6
39600.0 9.4
39700.0 8.1
39800.0 9.3
39900.0 9.9
40000.0 8.4
40100.0 8.0
40200.0 9.8
40300.0 9.4
40400.0 9.4
40500.0 9.3
40600.0 8.6
40700.0 10.7
40800.0 9.3
40900.0 10.6
41000.0 10.0
41100.0 7.9
41200.0 8.4
41300.0 9.8
41400.0 10.7
41500.0 8.5
41600.0 9.5
41700.0 9.3
41800.0 9.7
41900.0 10.9
42000.0 10.3
42100.0 10.5
42200.0 8.4
42300.0 10.3
42400.0 8.8
42500.0 10.2
42600.0 9.5
42700.0 10.4
42800.0 10.3
42900.0 9.8
43000.0 11.2
43100.0 9.0
43200.0 9.7
43300.0 9.3
43400.0 10.5
43500.0 10.9
43600.0 11.6
43700.0 10.0
43800.0 10.7
43900.0 10.5
44000.0 11.1
44100.0 9.4
44200.0 9.9
44300.0 9.2
44400.0 9.9
44500.0 9.9
44600.0 10.6
44700.0 8.5
44800.0 9.1
44900.0 9.3
45000.0 9.6
45100.0 10.4
45200.0 8.8
45300.0 10.2
45400.0 10.5
45500.0 9.7
45600.0 10.1
45700.0 7.2
45800.0 9.5
45900.0 8.3
46000.0 7.4
46100.0 8.3
46200.0 9.8
46300.0 9.7
46400.0 9.7
46500.0 8.6
46600.0 10.8
46700.0 10.7
46800.0 9.8
46900.0 8.9
47000.0 9.5
47100.0 10.2
47200.0 9.6
47300.0 10.2
47400.0 10.1
47500.0 9.6
47600.0 8.2
47700.0 10.0
47800.0 9.5
47900.0 10.2
48000.0 10.7
48100.0 10.5
48200.0 8.1
48300.0 9.6
48400.0 10.3
48500.0 8.9
48600.0 9.6
48700.0 9.5
48800.0 8.4
48900.0 9.4
49000.0 9.7
49100.0 8.6
49200.0 10.2
49300.0 7.8
49400.0 8.6
49500.0 9.9
49600.0 9.7
49700.0 10.9
49800.0 8.6
49900.0 9.9
50000.0 9.7
50100.0 8.9
50200.0 10.1
50300.0 9.3
50400.0 10.4
50500.0 11.3
50600.0 8.9
50700.0 9.3
50800.0 8.7
50900.0 9.5
51000.0 11.1
51100.0 10.2
51200.0 10.2
51300.0 10.8
51400.0 10.2
51500.0 9.0
51600.0 10.1
51700.0 10.0
51800.0 8.2
51900.0 9.4
52000.0 9.5
52100.0 8.3
52200.0 8.1
52300.0 10.8
52400.0 9.6
52500.0 9.8
52600.0 9.4
52700.0 9.6
52800.0 10.1
52900.0 10.1
53000.0 10.9
53100.0 8.7
53200.0 8.5
53300.0 8.1
53400.0 7.6
53500.0 10.1
53600.0 9.1
53700.0 9.7
53800.0 7.6
53900.0 8.5
54000.0 8.4
54100.0 8.6
54200.0 11.3
54300.0 8.5
54400.0 8.2
54500.0 9.9
54600.0 9.8
54700.0 9.4
54800.0 9.2
54900.0 9.6
55000.0 9.8
55100.0 8.8
55200.0 8.4
55300.0 9.3
55400.0 8.5
55500.0 10.5
55600.0 7.5
55700.0 7.8
55800.0 10.1
55900.0 10.7
56000.0 9.0
56100.0 9.7
56200.0 8.3
56300.0 6.9
56400.0 8.6
56500.0 8.8
56600.0 9.1
56700.0 9.4
56800.0 8.7
56900.0 8.2
57000.0 7.4
57100.0 7.4
57200.0 9.0
57300.0 9.0
57400.0 9.6
57500.0 10.0
57600.0 8.6
57700.0 10.1
57800.0 9.3
57900.0 9.3
58000.0 8.2
58100.0 9.2
58200.0 7.8
58300.0 7.8
58400.0 8.1
58500.0 9.0
58600.0 10.2
58700.0 8.7
58800.0 8.8
58900.0 9.3
59000.0 9.7
59100.0 9.2
59200.0 8.8
59300.0 9.3
59400.0 8.2
59500.0 8.8
59600.0 7.5
59700.0 9.0
59800.0 9.1
59900.0 8.1
60000.0 9.2
60100.0 8.9
60200.0 10.1
60300.0 7.8
60400.0 8.9
60500.0 10.1
60600.0 8.8
60700.0 8.8
60800.0 8.3
60900.0 9.1
61000.0 8.8
61100.0 8.6
61200.0 8.5
61300.0 8.7
61400.0 9.5
61500.0 11.0
61600.0 10.7
61700.0 8.2
61800.0 7.8
61900.0 8.9
62000.0 9.6
62100.0 8.1
62200.0 7.8
62300.0 7.5
62400.0 7.7
62500.0 8.5
62600.0 8.2
62700.0 8.0
62800.0 8.0
62900.0 8.3
63000.0 7.5
63100.0 10.5
63200.0 10.0
63300.0 8.9
63400.0 8.6
63500.0 7.8
63600.0 8.8
63700.0 8.5
63800.0 8.0
63900.0 8.2
64000.0 8.0
64100.0 7.5
64200.0 6.9
64300.0 7.9
64400.0 8.5
64500.0 9.2
64600.0 9.2
64700.0 8.4
64800.0 7.8
64900.0 7.6
65000.0 7.5
65100.0 8.1
65200.0 8.3
65300.0 7.9
65400.0 7.7
65500.0 7.0
65600.0 7.9
65700.0 7.8
65800.0 7.7
65900.0 7.7
66000.0 7.2
66100.0 9.6
66200.0 8.6
66300.0 8.5
66400.0 8.1
66500.0 7.4
66600.0 8.8
66700.0 8.5
66800.0 10.1
66900.0 8.2
67000.0 8.6
67100.0 9.2
67200.0 8.6
67300.0 7.8
67400.0 8.5
67500.0 7.9
67600.0 7.7
67700.0 9.3
67800.0 8.5
67900.0 9.4
68000.0 8.9
68100.0 8.7
68200.0 8.7
68300.0 8.8
68400.0 7.3
68500.0 7.4
68600.0 7.9
68700.0 9.2
68800.0 10.0
68900.0 10.4
69000.0 7.7
69100.0 6.8
69200.0 6.3
69300.0 7.6
69400.0 7.1
69500.0 7.4
69600.0 8.2
69700.0 9.0
69800.0 9.2
69900.0 7.4
70000.0 8.3
70100.0 8.1
70200.0 7.5
70300.0 7.8
70400.0 7.7
70500.0 9.3
70600.0 9.0
70700.0 9.0
70800.0 7.0
70900.0 7.8
71000.0 7.4
71100.0 9.0
71200.0 9.8
71300.0 8.0
71400.0 8.9
71500.0 7.5
71600.0 7.2
71700.0 7.8
71800.0 7.8
71900.0 6.7
72000.0 7.4
72100.0 8.8
72200.0 8.5
72300.0 7.6
72400.0 8.9
72500.0 7.0
72600.0 6.4
72700.0 7.5
72800.0 6.9
72900.0 8.7
73000.0 8.7
73100.0 8.8
73200.0 9.2
73300.0 7.8
73400.0 7.2
73500.0 7.9
73600.0 7.4
73700.0 9.7
73800.0 7.5
73900.0 6.2
74000.0 7.9
74100.0 7.6
74200.0 6.9
74300.0 8.3
74400.0 7.7
74500.0 8.3
74600.0 8.3
74700.0 8.4
74800.0 9.0
74900.0 7.3
75000.0 6.8
75100.0 6.2
75200.0 8.1
75300.0 8.2
75400.0 8.3
75500.0 8.4
75600.0 7.7
75700.0 6.1
75800.0 7.6
75900.0 7.6
76000.0 7.5
76100.0 8.3
76200.0 8.4
76300.0 9.0
76400.0 8.0
76500.0 7.0
76600.0 7.2
76700.0 7.8
76800.0 6.7
76900.0 7.5
77000.0 7.4
77100.0 6.4
77200.0 7.3
77300.0 7.5
77400.0 6.7
77500.0 6.0
77600.0 7.0
77700.0 6.5
77800.0 7.1
77900.0 7.0
78000.0 7.8
78100.0 6.5
78200.0 7.2
78300.0 8.0
78400.0 6.9
78500.0 8.9
78600.0 7.2
78700.0 6.8
78800.0 6.4
78900.0 7.1
79000.0 5.8
79100.0 6.5
79200.0 7.4
79300.0 7.5
79400.0 7.6
79500.0 7.3
79600.0 7.2
79700.0 6.6
79800.0 7.5
79900.0 8.2
80000.0 8.8
80100.0 7.3
80200.0 8.0
80300.0 7.4
80400.0 6.7
80500.0 6.3
80600.0 7.3
80700.0 6.7
80800.0 6.4
80900.0 7.4
81000.0 7.4
81100.0 5.9
81200.0 6.6
81300.0 8.2
81400.0 8.1
81500.0 6.7
81600.0 7.0
81700.0 6.1
81800.0 6.5
81900.0 7.1
82000.0 6.5
82100.0 7.1
82200.0 7.2
82300.0 7.1
82400.0 6.1
82500.0 7.7
82600.0 7.3
82700.0 8.3
82800.0 8.9
82900.0 5.7
83000.0 7.1
83100.0 6.5
83200.0 7.0
83300.0 6.9
83400.0 7.7
83500.0 7.1
83600.0 6.6
83700.0 6.4
83800.0 7.9
83900.0 6.5
84000.0 6.7
84100.0 6.5
84200.0 6.4
84300.0 6.6
84400.0 6.8
84500.0 7.6
84600.0 7.1
84700.0 7.4
84800.0 6.8
84900.0 6.5
85000.0 7.3
85100.0 6.7
85200.0 6.7
85300.0 8.1
85400.0 7.1
85500.0 6.7
85600.0 7.4
85700.0 7.0
85800.0 6.0
85900.0 7.9
86000.0 6.2
86100.0 7.2
86200.0 6.6
86300.0 7.0
86400.0 6.6
86500.0 6.4
86600.0 6.2
86700.0 6.6
86800.0 7.0
86900.0 6.6
87000.0 7.0
87100.0 5.7
87200.0 6.8
87300.0 5.3
87400.0 5.2
87500.0 5.4
87600.0 5.0
87700.0 6.2
87800.0 7.2
87900.0 7.5
88000.0 6.2
88100.0 7.5
88200.0 7.0
88300.0 7.1
88400.0 7.6
88500.0 5.8
88600.0 5.6
88700.0 6.3
88800.0 6.1
88900.0 5.0
89000.0 6.7
89100.0 6.7
89200.0 6.9
89300.0 6.5
89400.0 6.3
89500.0 6.6
89600.0 5.7
89700.0 5.0
89800.0 4.7
89900.0 5.4
90000.0 5.5
90100.0 6.1
90200.0 6.6
90300.0 5.5
90400.0 6.4
90500.0 6.5
90600.0 6.0
90700.0 5.4
90800.0 5.3
90900.0 5.6
91000.0 5.3
91100.0 5.6
91200.0 7.0
91300.0 7.3
91400.0 6.6
91500.0 6.0
91600.0 6.5
91700.0 5.6
91800.0 7.2
91900.0 5.2
92000.0 6.4
92100.0 5.5
92200.0 6.4
92300.0 6.5
92400.0 6.1
92500.0 7.0
92600.0 5.0
92700.0 6.8
92800.0 6.9
92900.0 7.0
93000.0 6.3
93100.0 6.3
93200.0 6.1
93300.0 6.5
93400.0 5.9
93500.0 5.8
93600.0 5.7
93700.0 6.5
93800.0 5.9
93900.0 6.6
94000.0 5.6
94100.0 6.0
94200.0 6.5
94300.0 6.1
94400.0 5.2
94500.0 5.4
94600.0 5.6
94700.0 5.5
94800.0 5.4
94900.0 5.5
95000.0 6.1
95100.0 6.8
95200.0 6.2
95300.0 6.1
95400.0 6.7
95500.0 6.2
95600.0 6.9
95700.0 5.8
95800.0 6.5
95900.0 6.0
96000.0 6.3
96100.0 6.8
96200.0 5.7
96300.0 5.9
96400.0 6.0
96500.0 6.2
96600.0 6.4
96700.0 5.8
96800.0 6.4
96900.0 6.0
97000.0 5.5
97100.0 5.8
97200.0 5.7
97300.0 5.7
97400.0 5.5
97500.0 5.7
97600.0 5.2
97700.0 5.1
97800.0 6.2
97900.0 6.1
98000.0 5.6
98100.0 5.3
98200.0 6.1
98300.0 5.7
98400.0 6.1
98500.0 6.8
98600.0 6.3
98700.0 5.4
98800.0 4.5
98900.0 5.9
99000.0 6.6
99100.0 5.9
99200.0 6.7
99300.0 6.3
99400.0 5.7
99500.0 5.0
99600.0 5.0
99700.0 6.1
99800.0 7.0
99900.0 8.6
100000.0 7.7
100100.0 8.1
100200.0 7.0
100300.0 6.0
100400.0 6.4
100500.0 6.0
100600.0 5.9
100700.0 5.8
100800.0 6.5
100900.0 5.9
101000.0 6.3
101100.0 5.0
101200.0 5.9
101300.0 5.2
101400.0 5.6
101500.0 5.0
101600.0 6.5
101700.0 6.4
101800.0 4.6
101900.0 4.1
102000.0 4.8
102100.0 4.6
102200.0 6.4
102300.0 5.2
102400.0 4.9
102500.0 6.7
102600.0 5.4
102700.0 6.2
102800.0 6.2
102900.0 5.5
103000.0 5.5
103100.0 5.2
103200.0 5.0
103300.0 5.4
103400.0 4.4
103500.0 4.7
103600.0 5.4
103700.0 5.3
103800.0 5.5
103900.0 5.9
104000.0 5.9
104100.0 5.7
104200.0 6.6
104300.0 5.1
104400.0 5.4
104500.0 6.2
104600.0 5.2
104700.0 5.1
104800.0 6.1
104900.0 5.6
105000.0 4.3
105100.0 4.7
105200.0 5.1
105300.0 4.5
105400.0 5.4
105500.0 4.1
105600.0 4.9
105700.0 4.4
105800.0 5.2
105900.0 5.5
106000.0 4.8
106100.0 5.2
106200.0 4.3
106300.0 5.2
106400.0 4.7
106500.0 4.2
106600.0 4.9
106700.0 5.2
106800.0 5.2
106900.0 5.0
107000.0 4.2
107100.0 4.5
107200.0 5.5
107300.0 4.4
107400.0 4.5
107500.0 4.5
107600.0 4.1
107700.0 3.8
107800.0 4.4
107900.0 4.8
108000.0 4.4
108100.0 4.8
108200.0 5.9
108300.0 5.2
108400.0 5.2
108500.0 5.8
108600.0 5.2
108700.0 5.2
108800.0 5.3
108900.0 4.9
109000.0 4.7
109100.0 5.1
109200.0 5.2
109300.0 4.4
109400.0 5.8
109500.0 5.0
109600.0 5.0
109700.0 4.4
109800.0 6.0
109900.0 5.4
110000.0 4.8
110100.0 5.6
110200.0 5.3
110300.0 5.5
110400.0 4.6
110500.0 5.2
110600.0 5.0
110700.0 4.9
110800.0 5.7
110900.0 4.4
111000.0 4.2
111100.0 4.6
111200.0 4.1
111300.0 4.3
111400.0 5.0
111500.0 4.3
111600.0 4.6
111700.0 6.1
111800.0 5.0
111900.0 5.6
112000.0 4.8
112100.0 4.8
112200.0 4.7
112300.0 4.8
112400.0 4.0
112500.0 5.2
112600.0 4.7
112700.0 5.0
112800.0 5.1
112900.0 5.0
113000.0 5.0
113100.0 4.2
113200.0 4.1
113300.0 5.1
113400.0 5.5
113500.0 4.6
113600.0 4.1
113700.0 4.8
113800.0 4.3
113900.0 4.1
114000.0 5.0
114100.0 4.7
114200.0 4.5
114300.0 4.2
114400.0 4.9
114500.0 4.4
114600.0 3.9
114700.0 4.4
114800.0 4.4
114900.0 4.6
115000.0 4.8
115100.0 4.6
115200.0 4.6
115300.0 4.9
115400.0 4.4
115500.0 4.4
115600.0 4.8
115700.0 4.9
115800.0 4.6
115900.0 5.2
116000.0 5.1
116100.0 5.2
116200.0 5.1
116300.0 4.9
116400.0 4.1
116500.0 4.8
116600.0 3.6
116700.0 3.8
116800.0 3.9
116900.0 4.6
117000.0 5.8
117100.0 5.0
117200.0 4.9
117300.0 4.6
117400.0 5.1
117500.0 5.0
117600.0 5.0
117700.0 4.9
117800.0 4.3
117900.0 3.4
118000.0 4.1
118100.0 5.1
118200.0 4.7
118300.0 3.6
118400.0 5.2
118500.0 5.2
118600.0 4.9
118700.0 4.7
118800.0 5.5
118900.0 3.5
119000.0 3.9
119100.0 3.6
119200.0 4.3
119300.0 4.6
119400.0 3.3
119500.0 3.2
119600.0 3.3
119700.0 4.0
119800.0 4.1
119900.0 3.5
120000.0 3.7
120100.0 5.0
120200.0 4.4
120300.0 3.6
120400.0 4.1
120500.0 4.4
120600.0 4.2
120700.0 4.0
120800.0 4.1
120900.0 4.4
121000.0 3.8
121100.0 3.6
121200.0 4.8
121300.0 4.0
121400.0 3.6
121500.0 3.9
121600.0 4.2
121700.0 3.7
121800.0 3.6
121900.0 3.7
122000.0 4.1
122100.0 3.5
122200.0 4.4
122300.0 4.2
122400.0 4.2
122500.0 4.5
122600.0 4.4
122700.0 5.2
122800.0 4.6
122900.0 4.4
123000.0 6.3
123100.0 5.1
123200.0 4.9
123300.0 4.7
123400.0 4.8
123500.0 3.6
123600.0 3.6
123700.0 4.6
123800.0 4.6
123900.0 4.4
124000.0 4.2
124100.0 3.9
124200.0 3.0
124300.0 2.9
124400.0 3.9
124500.0 3.5
124600.0 2.6
124700.0 3.9
124800.0 3.7
124900.0 3.9
125000.0 3.5
125100.0 3.3
125200.0 3.5
125300.0 3.5
125400.0 3.5
125500.0 3.1
125600.0 4.2
125700.0 3.8
125800.0 3.7
125900.0 3.9
126000.0 4.3
126100.0 3.8
126200.0 4.3
126300.0 4.0
126400.0 3.2
126500.0 4.1
126600.0 3.8
126700.0 4.2
126800.0 3.4
126900.0 3.5
127000.0 3.8
127100.0 3.5
127200.0 3.7
127300.0 3.8
127400.0 3.7
127500.0 3.8
127600.0 3.8
127700.0 3.8
127800.0 4.3
127900.0 3.9
128000.0 3.9
128100.0 3.1
128200.0 4.4
128300.0 3.5
128400.0 3.7
128500.0 4.2
128600.0 4.0
128700.0 3.7
128800.0 3.8
128900.0 3.6
129000.0 3.8
129100.0 3.2
129200.0 3.5
129300.0 3.8
129400.0 3.6
129500.0 3.4
129600.0 3.6
129700.0 3.6
129800.0 3.8
129900.0 4.3
130000.0 3.0
130100.0 3.2
130200.0 3.1
130300.0 2.8
130400.0 3.5
130500.0 3.6
130600.0 4.5
130700.0 3.7
130800.0 4.3
130900.0 4.0
131000.0 3.9
131100.0 3.8
131200.0 3.9
131300.0 3.8
131400.0 3.4
131500.0 3.6
131600.0 2.9
131700.0 3.4
131800.0 3.8
131900.0 4.5
132000.0 3.8
132100.0 3.3
132200.0 2.9
132300.0 3.3
132400.0 3.2
132500.0 3.1
132600.0 3.4
132700.0 3.0
132800.0 3.7
132900.0 2.7
133000.0 2.8
133100.0 2.8
133200.0 2.3
133300.0 3.1
133400.0 2.5
133500.0 2.6
133600.0 3.3
133700.0 2.9
133800.0 3.4
133900.0 2.7
134000.0 2.8
134100.0 2.6
134200.0 2.4
134300.0 2.2
134400.0 2.4
134500.0 3.0
134600.0 3.3
134700.0 2.8
134800.0 2.6
134900.0 2.8
135000.0 2.7
135100.0 2.9
135200.0 3.4
135300.0 2.9
135400.0 3.2
135500.0 3.0
135600.0 3.2
135700.0 2.4
135800.0 3.6
135900.0 2.8
136000.0 3.0
136100.0 3.6
136200.0 3.7
136300.0 3.4
136400.0 3.2
136500.0 3.2
136600.0 3.2
136700.0 3.3
136800.0 3.2
136900.0 3.7
137000.0 3.2
137100.0 3.0
137200.0 2.9
137300.0 3.0
137400.0 3.0
137500.0 2.7
137600.0 3.0
137700.0 2.4
137800.0 2.8
137900.0 3.4
138000.0 2.6
138100.0 2.3
138200.0 2.5
138300.0 3.3
138400.0 3.4
138500.0 4.0
138600.0 3.2
138700.0 2.8
138800.0 3.0
138900.0 3.1
139000.0 3.3
139100.0 3.7
139200.0 3.1
139300.0 2.6
139400.0 2.7
139500.0 3.1
139600.0 2.5
139700.0 2.5
139800.0 3.1
139900.0 3.4
140000.0 2.9
140100.0 2.5
140200.0 2.7
140300.0 2.4
140400.0 2.3
140500.0 2.0
140600.0 2.0
140700.0 1.5
140800.0 1.7
140900.0 1.9
141000.0 2.3
141100.0 2.5
141200.0 2.2
141300.0 2.5
141400.0 3.0
141500.0 3.6
141600.0 3.0
141700.0 2.9
141800.0 3.2
141900.0 2.8
142000.0 2.6
142100.0 2.7
142200.0 2.4
142300.0 2.7
142400.0 2.5
142500.0 2.0
142600.0 2.6
142700.0 2.3
142800.0 2.9
142900.0 3.1
143000.0 2.8
143100.0 2.8
143200.0 2.5
143300.0 2.8
143400.0 2.5
143500.0 2.4
143600.0 3.1
143700.0 2.7
143800.0 2.8
143900.0 3.1
144000.0 2.4
144100.0 1.8
144200.0 2.4
144300.0 2.0
144400.0 2.5
144500.0 2.2
144600.0 2.4
144700.0 2.5
144800.0 2.7
144900.0 2.1
145000.0 2.7
145100.0 2.3
145200.0 3.4
145300.0 2.6
145400.0 3.1
145500.0 2.8
145600.0 2.3
145700.0 2.2
145800.0 2.5
145900.0 2.5
146000.0 2.8
146100.0 3.0
146200.0 2.7
146300.0 2.5
146400.0 2.3
146500.0 2.3
146600.0 2.3
146700.0 2.5
146800.0 3.0
146900.0 2.3
147000.0 2.3
147100.0 2.2
147200.0 2.9
147300.0 2.9
147400.0 2.6
147500.0 3.1
147600.0 2.5
147700.0 2.7
147800.0 2.8
147900.0 2.9
148000.0 2.6
148100.0 2.2
148200.0 2.7
148300.0 2.5
148400.0 2.8
148500.0 1.5
148600.0 2.2
148700.0 2.3
148800.0 2.1
148900.0 1.6
149000.0 2.2
149100.0 2.0
149200.0 1.8
149300.0 2.6
149400.0 2.5
149500.0 2.6
149600.0 2.7
149700.0 1.9
149800.0 2.0
149900.0 2.4
150000.0 2.3
150100.0 2.3
150200.0 2.2
150300.0 1.9
150400.0 2.4
150500.0 2.3
150600.0 2.1
150700.0 2.2
150800.0 2.3
150900.0 2.7
151000.0 1.9
151100.0 2.0
151200.0 1.7
151300.0 1.9
151400.0 1.7
151500.0 2.1
151600.0 1.8
151700.0 2.0
151800.0 2.4
151900.0 2.2
152000.0 2.0
152100.0 1.7
152200.0 1.6
152300.0 2.1
152400.0 1.8
152500.0 2.1
152600.0 2.4
152700.0 2.3
152800.0 2.4
152900.0 2.2
153000.0 1.8
153100.0 1.6
153200.0 2.0
153300.0 2.0
153400.0 2.1
153500.0 2.4
153600.0 2.0
153700.0 2.2
153800.0 2.0
153900.0 1.7
154000.0 2.1
154100.0 2.1
154200.0 2.0
154300.0 2.0
154400.0 2.0
154500.0 2.0
154600.0 2.0
154700.0 1.9
154800.0 1.6
154900.0 1.8
155000.0 2.2
155100.0 1.9
155200.0 1.9
155300.0 1.7
155400.0 1.6
155500.0 2.0
155600.0 2.4
155700.0 2.5
155800.0 2.2
155900.0 1.7
156000.0 2.1
156100.0 2.1
156200.0 1.9
156300.0 1.9
156400.0 1.9
156500.0 2.1
156600.0 2.1
156700.0 1.8
156800.0 2.0
156900.0 2.1
157000.0 1.8
157100.0 1.9
157200.0 1.5
157300.0 1.4
157400.0 1.9
157500.0 1.2
157600.0 1.8
157700.0 1.3
157800.0 1.4
157900.0 2.0
158000.0 1.7
158100.0 1.3
158200.0 1.7
158300.0 2.4
158400.0 2.2
158500.0 1.8
158600.0 1.6
158700.0 1.6
158800.0 1.1
158900.0 1.5
159000.0 2.1
159100.0 2.0
159200.0 1.8
159300.0 1.5
159400.0 1.3
159500.0 1.5
159600.0 1.8
159700.0 1.8
159800.0 1.5
159900.0 1.8
160000.0 2.0
160100.0 2.0
160200.0 1.7
160300.0 1.6
160400.0 1.6
160500.0 1.1
160600.0 1.9
160700.0 1.8
160800.0 1.9
160900.0 1.8
161000.0 1.4
161100.0 2.5
161200.0 1.8
161300.0 1.8
161400.0 2.0
161500.0 2.0
161600.0 1.5
161700.0 1.5
161800.0 1.9
161900.0 1.4
162000.0 1.5
162100.0 1.1
162200.0 1.1
162300.0 1.2
162400.0 1.2
162500.0 1.8
162600.0 1.2
162700.0 1.0
162800.0 1.1
162900.0 0.8
163000.0 1.0
163100.0 1.1
163200.0 1.1
163300.0 1.1
163400.0 1.1
163500.0 0.6
163600.0 0.9
163700.0 1.0
163800.0 0.8
163900.0 0.7
164000.0 1.0
164100.0 1.0
164200.0 1.4
164300.0 1.6
164400.0 1.3
164500.0 1.2
164600.0 0.8
164700.0 1.1
164800.0 1.1
164900.0 1.1
165000.0 1.6
165100.0 2.0
165200.0 1.5
165300.0 1.2
165400.0 1.0
165500.0 1.4
165600.0 1.6
165700.0 1.2
165800.0 1.3
165900.0 1.5
166000.0 1.4
166100.0 1.1
166200.0 1.0
166300.0 1.4
166400.0 1.1
166500.0 1.0
166600.0 1.0
166700.0 1.5
166800.0 1.4
166900.0 1.3
167000.0 1.2
167100.0 1.7
167200.0 1.3
167300.0 1.2
167400.0 1.0
167500.0 1.1
167600.0 1.4
167700.0 1.6
167800.0 1.5
167900.0 1.7
168000.0 1.4
168100.0 1.3
168200.0 1.2
168300.0 1.3
168400.0 1.4
168500.0 1.2
168600.0 1.2
168700.0 1.0
168800.0 0.7
168900.0 1.1
169000.0 1.0
169100.0 0.8
169200.0 0.9
169300.0 1.0
169400.0 1.6
169500.0 1.1
169600.0 1.3
169700.0 1.5
169800.0 1.5
169900.0 1.5
170000.0 1.4
170100.0 1.1
170200.0 1.5
170300.0 1.2
170400.0 0.9
170500.0 1.1
170600.0 1.2
170700.0 1.1
170800.0 1.1
170900.0 0.9
171000.0 1.0
171100.0 1.1
171200.0 0.8
171300.0 1.0
171400.0 1.0
171500.0 0.9
171600.0 1.3
171700.0 1.1
171800.0 1.0
171900.0 0.8
172000.0 0.9
172100.0 1.0
172200.0 0.9
172300.0 0.9
172400.0 0.9
172500.0 1.3
172600.0 1.5
172700.0 1.4
172800.0 1.2
172900.0 1.3
173000.0 1.1
173100.0 1.0
173200.0 1.0
173300.0 0.7
173400.0 1.1
173500.0 1.0
173600.0 0.9
173700.0 1.0
173800.0 1.1
173900.0 1.0
174000.0 0.8
174100.0 1.0
174200.0 1.1
174300.0 0.9
174400.0 1.3
174500.0 1.2
174600.0 1.1
174700.0 0.7
174800.0 0.8
174900.0 0.7
175000.0 0.8
175100.0 0.9
175200.0 1.2
175300.0 1.1
175400.0 1.1
175500.0 1.1
175600.0 1.1
175700.0 0.9
175800.0 1.0
175900.0 0.9
176000.0 0.8
176100.0 0.8
176200.0 0.9
176300.0 1.4
176400.0 1.3
176500.0 1.1
176600.0 1.0
176700.0 0.9
176800.0 0.8
176900.0 0.7
177000.0 0.6
177100.0 0.8
177200.0 0.8
177300.0 1.0
177400.0 0.9
177500.0 0.9
177600.0 0.9
177700.0 0.9
177800.0 1.2
177900.0 0.9
178000.0 1.2
178100.0 0.9
178200.0 0.8
178300.0 0.9
178400.0 1.1
178500.0 1.1
178600.0 1.1
178700.0 1.1
178800.0 1.1
178900.0 1.1
179000.0 1.3
179100.0 1.1
179200.0 1.2
179300.0 1.0
179400.0 1.0
179500.0 1.0
179600.0 0.9
179700.0 0.8
179800.0 1.1
179900.0 0.9
180000.0 1.1
180100.0 0.8
180200.0 0.9
180300.0 1.0
180400.0 1.2
180500.0 1.1
180600.0 0.8
180700.0 0.9
180800.0 0.9
180900.0 1.1
181000.0 0.7
181100.0 0.6
181200.0 0.9
181300.0 0.6
181400.0 0.6
181500.0 0.7
181600.0 0.7
181700.0 0.5
181800.0 0.5
181900.0 0.6
182000.0 0.6
182100.0 0.7
182200.0 0.9
182300.0 0.9
182400.0 0.8
182500.0 0.8
182600.0 0.8
182700.0 0.5
182800.0 0.5
182900.0 0.6
183000.0 0.7
183100.0 0.7
183200.0 0.6
183300.0 0.7
183400.0 1.0
183500.0 0.8
183600.0 0.8
183700.0 0.7
183800.0 0.9
183900.0 0.6
184000.0 0.8
184100.0 1.0
184200.0 0.9
184300.0 0.9
184400.0 1.1
184500.0 0.9
184600.0 0.8
184700.0 0.8
184800.0 0.7
184900.0 0.6
185000.0 0.5
185100.0 0.6
185200.0 0.8
185300.0 0.7
185400.0 0.6
185500.0 0.6
185600.0 0.7
185700.0 0.8
185800.0 0.7
185900.0 0.7
186000.0 0.6
186100.0 0.7
186200.0 0.6
186300.0 0.5
186400.0 0.6
186500.0 0.7
186600.0 0.6
186700.0 0.5
186800.0 0.6
186900.0 0.6
187000.0 0.6
187100.0 0.5
187200.0 0.5
187300.0 0.8
187400.0 0.8
187500.0 0.7
187600.0 0.8
187700.0 0.7
187800.0 0.6
187900.0 0.6
188000.0 0.4
188100.0 0.3
188200.0 0.4
188300.0 0.6
188400.0 0.6
188500.0 0.5
188600.0 0.4
188700.0 0.5
188800.0 0.5
188900.0 0.5
189000.0 0.5
189100.0 0.4
189200.0 0.5
189300.0 0.8
189400.0 0.8
189500.0 0.7
189600.0 0.6
189700.0 0.7
189800.0 1.0
189900.0 0.8
190000.0 0.8
190100.0 0.7
190200.0 0.7
190300.0 0.9
190400.0 0.9
190500.0 0.6
190600.0 0.6
190700.0 0.6
190800.0 0.5
190900.0 0.5
191000.0 0.5
191100.0 0.7
191200.0 0.6
191300.0 0.6
191400.0 0.7
191500.0 1.0
191600.0 0.8
191700.0 0.8
191800.0 0.6
191900.0 0.7
192000.0 0.6
192100.0 0.6
192200.0 0.5
192300.0 0.6
192400.0 0.7
192500.0 0.7
192600.0 0.7
192700.0 0.8
192800.0 0.8
192900.0 0.9
193000.0 0.6
193100.0 0.7
193200.0 0.4
193300.0 0.5
193400.0 0.6
193500.0 0.6
193600.0 0.5
193700.0 0.5
193800.0 0.4
193900.0 0.5
194000.0 0.5
194100.0 0.6
194200.0 0.7
194300.0 0.6
194400.0 0.5
194500.0 0.6
194600.0 0.5
194700.0 0.3
194800.0 0.3
194900.0 0.3
195000.0 0.5
195100.0 0.6
195200.0 0.5
195300.0 0.4
195400.0 0.3
195500.0 0.3
195600.0 0.4
195700.0 0.4
195800.0 0.4
195900.0 0.4
196000.0 0.6
196100.0 0.6
196200.0 0.6
196300.0 0.8
196400.0 0.8
196500.0 0.3
196600.0 0.3
196700.0 0.3
196800.0 0.3
196900.0 0.4
197000.0 0.3
197100.0 0.3
197200.0 0.5
197300.0 0.4
197400.0 0.4
197500.0 0.4
197600.0 0.4
197700.0 0.4
197800.0 0.5
197900.0 0.6
198000.0 0.5
198100.0 0.6
198200.0 0.7
198300.0 0.7
198400.0 0.7
198500.0 0.7
198600.0 0.8
198700.0 0.7
198800.0 0.8
198900.0 0.9
199000.0 0.9
199100.0 0.8
199200.0 0.5
199300.0 0.5
199400.0 0.3
199500.0 0.3
199600.0 0.3
199700.0 0.5
199800.0 0.3
199900.0 0.3
200000.0 0.3
200100.0 0.3
200200.0 0.3
200300.0 0.3
200400.0 0.6
200500.0 0.4
200600.0 0.3
200700.0 0.5
200800.0 0.6
200900.0 0.5
201000.0 0.6
201100.0 0.5
201200.0 0.6
201300.0 0.4
201400.0 0.5
201500.0 0.6
201600.0 0.5
201700.0 0.5
201800.0 0.6
201900.0 0.8
202000.0 0.6
202100.0 0.5
202200.0 0.6
202300.0 0.4
202400.0 0.4
202500.0 0.3
202600.0 0.3
202700.0 0.3
202800.0 0.4
202900.0 0.5
203000.0 0.4
203100.0 0.4
203200.0 0.3
203300.0 0.4
203400.0 0.5
203500.0 0.5
203600.0 0.4
203700.0 0.4
203800.0 0.4
203900.0 0.4
204000.0 0.3
204100.0 0.4
204200.0 0.4
204300.0 0.5
204400.0 0.5
204500.0 0.8
204600.0 0.6
204700.0 0.6
204800.0 0.5
204900.0 0.4
205000.0 0.4
205100.0 0.4
205200.0 0.5
205300.0 0.4
205400.0 0.5
205500.0 0.6
205600.0 0.8
205700.0 0.5
205800.0 0.5
205900.0 0.6
206000.0 0.6
206100.0 0.5
206200.0 0.4
206300.0 0.4
206400.0 0.4
206500.0 0.6
206600.0 0.4
206700.0 0.4
206800.0 0.4
206900.0 0.4
207000.0 0.6
207100.0 0.7
207200.0 0.7
207300.0 0.6
207400.0 0.6
207500.0 0.6
207600.0 0.5
207700.0 0.5
207800.0 0.7
207900.0 0.7
208000.0 0.7
208100.0 0.6
208200.0 0.7
208300.0 0.6
208400.0 0.7
208500.0 0.5
208600.0 0.5
208700.0 0.5
208800.0 0.5
208900.0 0.5
209000.0 0.4
209100.0 0.4
209200.0 0.5
209300.0 0.5
209400.0 0.5
209500.0 0.5
209600.0 0.4
209700.0 0.4
209800.0 0.5
209900.0 0.4
210000.0 0.5
210100.0 0.5
210200.0 0.5
210300.0 0.5
210400.0 0.6
210500.0 0.6
210600.0 0.5
210700.0 0.5
210800.0 0.5
210900.0 0.5
211000.0 0.5
211100.0 0.4
211200.0 0.5
211300.0 0.4
211400.0 0.4
211500.0 0.4
211600.0 0.4
211700.0 0.4
211800.0 0.4
211900.0 0.4
212000.0 0.4
212100.0 0.4
212200.0 0.4
212300.0 0.6
212400.0 0.6
212500.0 0.6
212600.0 0.6
212700.0 0.4
212800.0 0.4
212900.0 0.4
213000.0 0.4
213100.0 0.4
213200.0 0.5
213300.0 0.4
213400.0 0.4
213500.0 0.4
213600.0 0.4
213700.0 0.4
213800.0 0.5
213900.0 0.5
214000.0 0.5
214100.0 0.6
214200.0 0.5
214300.0 0.6
214400.0 0.5
214500.0 0.4
214600.0 0.4
214700.0 0.4
214800.0 0.4
214900.0 0.4
215000.0 0.5
215100.0 0.4
215200.0 0.4
215300.0 0.5
215400.0 0.4
215500.0 0.5
215600.0 0.5
215700.0 0.4
215800.0 0.4
215900.0 0.4
216000.0 0.4
216100.0 0.4
216200.0 0.5
216300.0 0.4
216400.0 0.4
216500.0 0.4
216600.0 0.4
216700.0 0.4
216800.0 0.6
216900.0 0.4
217000.0 0.5
217100.0 0.4
217200.0 0.5
217300.0 0.4
217400.0 0.5
217500.0 0.4
217600.0 0.4
217700.0 0.4
217800.0 0.4
217900.0 0.4
218000.0 0.4
218100.0 0.5
218200.0 0.4
218300.0 0.5
218400.0 0.4
218500.0 0.4
218600.0 0.4
218700.0 0.5
218800.0 0.4
218900.0 0.4
219000.0 0.4
219100.0 0.4
219200.0 0.4
219300.0 0.4
219400.0 0.4
219500.0 0.4
219600.0 0.4
219700.0 0.4
219800.0 0.4
219900.0 0.4
220000.0 0.4
220100.0 0.4
220200.0 0.5
220300.0 0.4
220400.0 0.4
220500.0 0.4
220600.0 0.4
220700.0 0.4
220800.0 0.6
220900.0 0.6
221000.0 0.5
221100.0 0.5
221200.0 0.5
221300.0 0.5
221400.0 0.6
221500.0 0.5
221600.0 0.5
221700.0 0.5
221800.0 0.5
221900.0 0.5
222000.0 0.5
222100.0 0.5
222200.0 0.5
222300.0 0.5
222400.0 0.6
222500.0 0.6
222600.0 0.5
222700.0 0.5
222800.0 0.5
222900.0 0.6
223000.0 0.6
223100.0 0.6
223200.0 0.6
223300.0 0.6
223400.0 0.6
223500.0 0.6
223600.0 0.6
223700.0 0.6
223800.0 0.5
223900.0 0.4
224000.0 0.4
224100.0 0.4
224200.0 0.4
224300.0 0.4
224400.0 0.5
224500.0 0.5
224600.0 0.5
224700.0 0.5
224800.0 0.4
224900.0 0.4
225000.0 0.4
225100.0 0.4
225200.0 0.4
225300.0 0.4
225400.0 0.4
225500.0 0.4
225600.0 0.4
225700.0 0.4
225800.0 0.4
225900.0 0.4
226000.0 0.4
226100.0 0.4
226200.0 0.5
226300.0 0.5
226400.0 0.5
226500.0 0.4
226600.0 0.4
226700.0 0.4
226800.0 0.4
226900.0 0.3
227000.0 0.3
227100.0 0.3
227200.0 0.4
227300.0 0.3
227400.0 0.3
227500.0 0.3
227600.0 0.3
227700.0 0.3
227800.0 0.3
227900.0 0.4
228000.0 0.4
228100.0 0.4
228200.0 0.4
228300.0 0.4
228400.0 0.5
228500.0 0.5
228600.0 0.5
228700.0 0.5
228800.0 0.6
228900.0 0.4
229000.0 0.4
229100.0 0.4
229200.0 0.5
229300.0 0.5
229400.0 0.5
229500.0 0.5
229600.0 0.5
229700.0 0.4
229800.0 0.4
229900.0 0.4
230000.0 0.4
230100.0 0.4
230200.0 0.4
230300.0 0.4
230400.0 0.4
230500.0 0.4
230600.0 0.3
230700.0 0.3
230800.0 0.4
230900.0 0.3
231000.0 0.3
231100.0 0.3
231200.0 0.3
231300.0 0.3
231400.0 0.3
231500.0 0.3
231600.0 0.3
231700.0 0.3
231800.0 0.3
231900.0 0.3
232000.0 0.3
232100.0 0.3
232200.0 0.3
232300.0 0.3
232400.0 0.3
232500.0 0.3
232600.0 0.3
232700.0 0.4
232800.0 0.4
232900.0 0.3
233000.0 0.3
233100.0 0.3
233200.0 0.3
233300.0 0.3
233400.0 0.3
233500.0 0.3
233600.0 0.3
233700.0 0.3
233800.0 0.3
233900.0 0.3
234000.0 0.3
234100.0 0.3
234200.0 0.3
234300.0 0.4
234400.0 0.3
234500.0 0.3
234600.0 0.3
234700.0 0.3
234800.0 0.3
234900.0 0.3
235000.0 0.3
235100.0 0.3
235200.0 0.3
235300.0 0.3
235400.0 0.3
235500.0 0.3
235600.0 0.3
235700.0 0.3
235800.0 0.3
235900.0 0.3
236000.0 0.3
236100.0 0.3
236200.0 0.3
236300.0 0.3
236400.0 0.3
236500.0 0.3
236600.0 0.3
236700.0 0.3
236800.0 0.3
236900.0 0.3
237000.0 0.3
237100.0 0.3
237200.0 0.3
237300.0 0.3
237400.0 0.3
237500.0 0.3
237600.0 0.3
237700.0 0.3
237800.0 0.3
237900.0 0.3
238000.0 0.3
238100.0 0.3
238200.0 0.3
238300.0 0.4
238400.0 0.3
238500.0 0.3
238600.0 0.3
238700.0 0.3
238800.0 0.3
238900.0 0.3
239000.0 0.3
239100.0 0.3
239200.0 0.3
239300.0 0.3
239400.0 0.3
239500.0 0.4
239600.0 0.3
239700.0 0.3
239800.0 0.3
239900.0 0.3
240000.0 0.3
240100.0 0.3
240200.0 0.3
240300.0 0.4
240400.0 0.4
240500.0 0.3
240600.0 0.3
240700.0 0.3
240800.0 0.3
240900.0 0.3
241000.0 0.3
241100.0 0.3
241200.0 0.3
241300.0 0.3
241400.0 0.3
241500.0 0.3
241600.0 0.3
241700.0 0.3
241800.0 0.3
241900.0 0.3
242000.0 0.3
242100.0 0.3
242200.0 0.3
242300.0 0.3
242400.0 0.3
242500.0 0.3
242600.0 0.3
242700.0 0.3
242800.0 0.3
242900.0 0.3
243000.0 0.3
243100.0 0.3
243200.0 0.3
243300.0 0.3
243400.0 0.3
243500.0 0.3
243600.0 0.3
243700.0 0.3
243800.0 0.3
243900.0 0.3
244000.0 0.3
244100.0 0.3
244200.0 0.3
244300.0 0.3
244400.0 0.3
244500.0 0.3
244600.0 0.3
244700.0 0.3
244800.0 0.3
244900.0 0.3
245000.0 0.3
245100.0 0.3
245200.0 0.3
245300.0 0.3
245400.0 0.3
245500.0 0.3
245600.0 0.3
245700.0 0.3
245800.0 0.3
245900.0 0.3
246000.0 0.3
246100.0 0.3
246200.0 0.3
246300.0 0.3
246400.0 0.3
246500.0 0.3
246600.0 0.3
246700.0 0.3
246800.0 0.3
246900.0 0.3
247000.0 0.3
247100.0 0.3
247200.0 0.3
247300.0 0.3
247400.0 0.3
247500.0 0.3
247600.0 0.3
247700.0 0.3
247800.0 0.3
247900.0 0.3
248000.0 0.3
248100.0 0.3
248200.0 0.3
248300.0 0.3
248400.0 0.3
248500.0 0.3
248600.0 0.3
248700.0 0.3
248800.0 0.3
248900.0 0.3
249000.0 0.3
249100.0 0.3
249200.0 0.3
249300.0 0.3
249400.0 0.3
249500.0 0.3
249600.0 0.3
249700.0 0.3
249800.0 0.3
249900.0 0.3
250000.0 0.3
250100.0 0.3
250200.0 0.3
250300.0 0.3
250400.0 0.3
250500.0 0.3
250600.0 0.4
250700.0 0.4
250800.0 0.4
250900.0 0.4
251000.0 0.4
251100.0 0.4
251200.0 0.4
251300.0 0.3
251400.0 0.3
251500.0 0.3
251600.0 0.3
251700.0 0.3
251800.0 0.3
251900.0 0.3
252000.0 0.3
252100.0 0.3
252200.0 0.3
252300.0 0.3
252400.0 0.3
252500.0 0.3
252600.0 0.3
252700.0 0.3
252800.0 0.3
252900.0 0.3
253000.0 0.3
253100.0 0.3
253200.0 0.3
253300.0 0.3
253400.0 0.3
253500.0 0.3
253600.0 0.3
253700.0 0.3
253800.0 0.3
253900.0 0.3
254000.0 0.3
254100.0 0.3
254200.0 0.3
254300.0 0.3
254400.0 0.3
254500.0 0.3
254600.0 0.3
254700.0 0.3
254800.0 0.3
254900.0 0.3
255000.0 0.3
255100.0 0.3
255200.0 0.3
255300.0 0.3
255400.0 0.3
255500.0 0.3
255600.0 0.3
255700.0 0.3
255800.0 0.3
255900.0 0.3
256000.0 0.3
256100.0 0.3
256200.0 0.3
256300.0 0.3
256400.0 0.3
256500.0 0.3
256600.0 0.3
256700.0 0.3
256800.0 0.3
256900.0 0.3
257000.0 0.3
257100.0 0.3
257200.0 0.3
257300.0 0.3
257400.0 0.3
257500.0 0.3
257600.0 0.3
257700.0 0.3
257800.0 0.3
257900.0 0.3
258000.0 0.3
258100.0 0.3
258200.0 0.3
258300.0 0.3
258400.0 0.3
258500.0 0.3
258600.0 0.3
258700.0 0.3
258800.0 0.3
258900.0 0.3
259000.0 0.3
259100.0 0.3
259200.0 0.3
259300.0 0.3
259400.0 0.3
259500.0 0.3
259600.0 0.3
259700.0 0.3
259800.0 0.3
259900.0 0.3
260000.0 0.3
260100.0 0.3
260200.0 0.3
260300.0 0.3
260400.0 0.3
260500.0 0.3
260600.0 0.3
260700.0 0.3
260800.0 0.3
260900.0 0.3
261000.0 0.3
261100.0 0.3
261200.0 0.3
261300.0 0.3
261400.0 0.3
261500.0 0.3
261600.0 0.3
261700.0 0.3
261800.0 0.3
261900.0 0.3
262000.0 0.3
262100.0 0.3
262200.0 0.3
262300.0 0.3
262400.0 0.3
262500.0 0.3
262600.0 0.3
262700.0 0.3
262800.0 0.3
262900.0 0.3
263000.0 0.3
263100.0 0.3
263200.0 0.3
263300.0 0.3
263400.0 0.3
263500.0 0.3
263600.0 0.3
263700.0 0.3
263800.0 0.3
263900.0 0.3
264000.0 0.3
264100.0 0.3
264200.0 0.3
264300.0 0.3
264400.0 0.3
264500.0 0.3
264600.0 0.3
264700.0 0.3
264800.0 0.3
264900.0 0.3
265000.0 0.3
265100.0 0.3
265200.0 0.3
265300.0 0.3
265400.0 0.3
265500.0 0.3
265600.0 0.3
265700.0 0.3
265800.0 0.3
265900.0 0.3
266000.0 0.3
266100.0 0.3
266200.0 0.3
266300.0 0.3
266400.0 0.3
266500.0 0.3
266600.0 0.3
266700.0 0.3
266800.0 0.3
266900.0 0.3
267000.0 0.3
267100.0 0.3
267200.0 0.3
267300.0 0.3
267400.0 0.3
267500.0 0.3
267600.0 0.3
267700.0 0.3
267800.0 0.3
267900.0 0.3
268000.0 0.3
268100.0 0.3
268200.0 0.3
268300.0 0.3
268400.0 0.3
268500.0 0.3
268600.0 0.3
268700.0 0.3
268800.0 0.3
268900.0 0.3
269000.0 0.3
269100.0 0.3
269200.0 0.3
269300.0 0.3
269400.0 0.3
269500.0 0.3
269600.0 0.3
269700.0 0.3
269800.0 0.3
269900.0 0.3
270000.0 0.3
270100.0 0.3
270200.0 0.3
270300.0 0.3
270400.0 0.3
270500.0 0.3
270600.0 0.3
270700.0 0.3
270800.0 0.3
270900.0 0.3
271000.0 0.3
271100.0 0.3
271200.0 0.3
271300.0 0.3
271400.0 0.3
271500.0 0.3
271600.0 0.3
271700.0 0.3
271800.0 0.3
271900.0 0.3
272000.0 0.3
272100.0 0.3
272200.0 0.3
272300.0 0.3
272400.0 0.3
272500.0 0.3
272600.0 0.3
272700.0 0.3
272800.0 0.3
272900.0 0.3
273000.0 0.3
273100.0 0.3
273200.0 0.3
273300.0 0.3
273400.0 0.3
273500.0 0.3
273600.0 0.3
273700.0 0.3
273800.0 0.3
273900.0 0.3
274000.0 0.3
274100.0 0.3
274200.0 0.3
274300.0 0.3
274400.0 0.3
274500.0 0.3
274600.0 0.3
274700.0 0.3
274800.0 0.3
274900.0 0.3
275000.0 0.3
275100.0 0.3
275200.0 0.3
275300.0 0.3
275400.0 0.3
275500.0 0.3
275600.0 0.3
275700.0 0.3
275800.0 0.3
275900.0 0.3
276000.0 0.3
276100.0 0.3
276200.0 0.3
276300.0 0.3
276400.0 0.3
276500.0 0.3
276600.0 0.3
276700.0 0.3
276800.0 0.3
276900.0 0.3
277000.0 0.3
277100.0 0.3
277200.0 0.3
277300.0 0.3
277400.0 0.3
277500.0 0.3
277600.0 0.3
277700.0 0.3
277800.0 0.3
277900.0 0.3
278000.0 0.3
278100.0 0.3
278200.0 0.3
278300.0 0.3
278400.0 0.3
278500.0 0.3
278600.0 0.3
278700.0 0.3
278800.0 0.3
278900.0 0.3
279000.0 0.3
279100.0 0.3
279200.0 0.3
279300.0 0.3
279400.0 0.3
279500.0 0.3
279600.0 0.3
279700.0 0.3
279800.0 0.3
279900.0 0.3
280000.0 0.3
280100.0 0.3
280200.0 0.3
280300.0 0.3
280400.0 0.3
280500.0 0.3
280600.0 0.3
280700.0 0.3
280800.0 0.3
280900.0 0.3
281000.0 0.3
281100.0 0.3
281200.0 0.3
281300.0 0.3
281400.0 0.3
281500.0 0.3
281600.0 0.3
281700.0 0.3
281800.0 0.3
281900.0 0.3
282000.0 0.3
282100.0 0.3
282200.0 0.3
282300.0 0.3
282400.0 0.3
282500.0 0.3
282600.0 0.3
282700.0 0.3
282800.0 0.3
282900.0 0.3
283000.0 0.3
283100.0 0.3
283200.0 0.3
283300.0 0.3
283400.0 0.3
283500.0 0.3
283600.0 0.3
283700.0 0.3
283800.0 0.3
283900.0 0.3
284000.0 0.3
284100.0 0.3
284200.0 0.3
284300.0 0.3
284400.0 0.3
284500.0 0.3
284600.0 0.3
284700.0 0.3
284800.0 0.3
284900.0 0.3
285000.0 0.3
285100.0 0.3
285200.0 0.3
285300.0 0.3
285400.0 0.3
285500.0 0.3
285600.0 0.3
285700.0 0.3
285800.0 0.3
285900.0 0.3
286000.0 0.3
286100.0 0.3
286200.0 0.3
286300.0 0.3
286400.0 0.3
286500.0 0.3
286600.0 0.3
286700.0 0.3
286800.0 0.3
286900.0 0.3
287000.0 0.3
287100.0 0.3
287200.0 0.3
287300.0 0.3
287400.0 0.3
287500.0 0.3
287600.0 0.3
287700.0 0.3
287800.0 0.3
287900.0 0.3
288000.0 0.3
288100.0 0.3
288200.0 0.3
288300.0 0.3
288400.0 0.3
288500.0 0.3
288600.0 0.3
288700.0 0.3
288800.0 0.3
288900.0 0.3
289000.0 0.3
289100.0 0.3
289200.0 0.3
289300.0 0.3
289400.0 0.3
289500.0 0.3
289600.0 0.3
289700.0 0.3
289800.0 0.3
289900.0 0.3
290000.0 0.3
290100.0 0.3
290200.0 0.3
290300.0 0.3
290400.0 0.3
290500.0 0.3
290600.0 0.3
290700.0 0.3
290800.0 0.3
290900.0 0.3
291000.0 0.3
291100.0 0.3
291200.0 0.3
291300.0 0.3
291400.0 0.3
291500.0 0.3
291600.0 0.3
291700.0 0.3
291800.0 0.3
291900.0 0.3
292000.0 0.3
292100.0 0.3
292200.0 0.3
292300.0 0.3
292400.0 0.3
292500.0 0.3
292600.0 0.3
292700.0 0.3
292800.0 0.3
292900.0 0.3
293000.0 0.3
293100.0 0.3
293200.0 0.3
293300.0 0.3
293400.0 0.3
293500.0 0.3
293600.0 0.3
293700.0 0.3
293800.0 0.3
293900.0 0.3
294000.0 0.3
294100.0 0.3
294200.0 0.3
294300.0 0.3
294400.0 0.3
294500.0 0.3
294600.0 0.3
294700.0 0.3
294800.0 0.3
294900.0 0.3
295000.0 0.3
295100.0 0.3
295200.0 0.3
295300.0 0.3
295400.0 0.3
295500.0 0.3
295600.0 0.3
295700.0 0.3
295800.0 0.3
295900.0 0.3
296000.0 0.3
296100.0 0.3
296200.0 0.3
296300.0 0.3
296400.0 0.3
296500.0 0.3
296600.0 0.3
296700.0 0.3
296800.0 0.3
296900.0 0.3
297000.0 0.3
297100.0 0.3
297200.0 0.3
297300.0 0.3
297400.0 0.3
297500.0 0.3
297600.0 0.3
297700.0 0.3
297800.0 0.3
297900.0 0.3
298000.0 0.3
298100.0 0.3
298200.0 0.3
298300.0 0.3
298400.0 0.3
298500.0 0.3
298600.0 0.3
298700.0 0.3
298800.0 0.3
298900.0 0.3
299000.0 0.3
299100.0 0.3
299200.0 0.3
299300.0 0.3
299400.0 0.3
299500.0 0.3
299600.0 0.3
299700.0 0.3
299800.0 0.3
299900.0 0.3
300000.0 0.3
300100.0 0.3
300200.0 0.3
300300.0 0.3
300400.0 0.3
300500.0 0.3
300600.0 0.3
300700.0 0.3
300800.0 0.3
300900.0 0.3
301000.0 0.3
301100.0 0.3
301200.0 0.3
301300.0 0.3
301400.0 0.3
301500.0 0.3
301600.0 0.3
301700.0 0.3
301800.0 0.3
301900.0 0.3
302000.0 0.3
302100.0 0.3
302200.0 0.3
302300.0 0.3
302400.0 0.3
302500.0 0.3
302600.0 0.3
302700.0 0.3
302800.0 0.3
302900.0 0.3
303000.0 0.3
303100.0 0.3
303200.0 0.3
303300.0 0.3
303400.0 0.3
303500.0 0.3
303600.0 0.3
303700.0 0.3
303800.0 0.3
303900.0 0.3
304000.0 0.3
304100.0 0.3
304200.0 0.3
304300.0 0.3
304400.0 0.3
304500.0 0.3
304600.0 0.3
304700.0 0.3
304800.0 0.3
304900.0 0.3
305000.0 0.3
305100.0 0.3
305200.0 0.3
305300.0 0.3
305400.0 0.3
305500.0 0.3
305600.0 0.3
305700.0 0.3
305800.0 0.3
305900.0 0.3
306000.0 0.3
306100.0 0.3
306200.0 0.3
306300.0 0.3
306400.0 0.3
306500.0 0.3
306600.0 0.3
306700.0 0.3
306800.0 0.3
306900.0 0.3
307000.0 0.3
307100.0 0.3
307200.0 0.3
307300.0 0.3
307400.0 0.3
307500.0 0.3
307600.0 0.3
307700.0 0.3
307800.0 0.3
307900.0 0.3
308000.0 0.3
308100.0 0.3
308200.0 0.3
308300.0 0.3
308400.0 0.3
308500.0 0.3
308600.0 0.3
308700.0 0.3
308800.0 0.3
308900.0 0.3
309000.0 0.3
309100.0 0.3
309200.0 0.3
309300.0 0.3
309400.0 0.3
309500.0 0.3
309600.0 0.3
309700.0 0.3
309800.0 0.3
309900.0 0.3
310000.0 0.3
310100.0 0.3
310200.0 0.3
310300.0 0.3
310400.0 0.3
310500.0 0.3
310600.0 0.3
310700.0 0.3
310800.0 0.3
310900.0 0.3
311000.0 0.3
311100.0 0.3
311200.0 0.3
311300.0 0.3
311400.0 0.3
311500.0 0.3
311600.0 0.3
311700.0 0.3
311800.0 0.3
311900.0 0.3
312000.0 0.3
312100.0 0.3
312200.0 0.3
312300.0 0.3
312400.0 0.3
312500.0 0.3
312600.0 0.3
312700.0 0.3
312800.0 0.3
312900.0 0.3
313000.0 0.3
313100.0 0.3
313200.0 0.3
313300.0 0.3
313400.0 0.3
313500.0 0.3
313600.0 0.3
313700.0 0.3
313800.0 0.3
313900.0 0.3
314000.0 0.3
314100.0 0.3
314200.0 0.3
314300.0 0.3
314400.0 0.3
314500.0 0.3
314600.0 0.3
314700.0 0.3
314800.0 0.3
314900.0 0.3
315000.0 0.3
315100.0 0.3
315200.0 0.3
315300.0 0.3
315400.0 0.3
315500.0 0.3
315600.0 0.3
315700.0 0.3
315800.0 0.3
315900.0 0.3
316000.0 0.3
316100.0 0.3
316200.0 0.3
316300.0 0.3
316400.0 0.3
316500.0 0.3
316600.0 0.3
316700.0 0.3
316800.0 0.3
316900.0 0.3
317000.0 0.3
317100.0 0.3
317200.0 0.3
317300.0 0.3
317400.0 0.3
317500.0 0.3
317600.0 0.3
317700.0 0.3
317800.0 0.3
317900.0 0.3
318000.0 0.3
318100.0 0.3
318200.0 0.3
318300.0 0.3
318400.0 0.3
318500.0 0.3
318600.0 0.3
318700.0 0.3
318800.0 0.3
318900.0 0.3
319000.0 0.3
319100.0 0.3
319200.0 0.3
319300.0 0.3
319400.0 0.3
319500.0 0.3
319600.0 0.3
319700.0 0.3
319800.0 0.3
319900.0 0.3
320000.0 0.3
320100.0 0.3
320200.0 0.3
320300.0 0.3
320400.0 0.3
320500.0 0.3
320600.0 0.3
320700.0 0.3
320800.0 0.3
320900.0 0.3
321000.0 0.3
321100.0 0.3
321200.0 0.3
321300.0 0.3
321400.0 0.3
321500.0 0.3
321600.0 0.3
321700.0 0.3
321800.0 0.3
321900.0 0.3
322000.0 0.3
322100.0 0.3
322200.0 0.3
322300.0 0.3
322400.0 0.3
322500.0 0.3
322600.0 0.3
322700.0 0.3
322800.0 0.3
322900.0 0.3
323000.0 0.3
323100.0 0.3
323200.0 0.3
323300.0 0.3
323400.0 0.3
323500.0 0.3
323600.0 0.3
323700.0 0.3
323800.0 0.3
323900.0 0.3
324000.0 0.3
324100.0 0.3
324200.0 0.3
324300.0 0.3
324400.0 0.3
324500.0 0.3
324600.0 0.3
324700.0 0.3
324800.0 0.3
324900.0 0.3
325000.0 0.3
325100.0 0.3
325200.0 0.3
325300.0 0.3
325400.0 0.3
325500.0 0.3
325600.0 0.3
325700.0 0.3
325800.0 0.3
325900.0 0.3
326000.0 0.3
326100.0 0.3
326200.0 0.3
326300.0 0.3
326400.0 0.3
326500.0 0.3
326600.0 0.3
326700.0 0.3
326800.0 0.3
326900.0 0.3
327000.0 0.3
327100.0 0.3
327200.0 0.3
327300.0 0.3
327400.0 0.3
327500.0 0.3
327600.0 0.3
327700.0 0.3
327800.0 0.3
327900.0 0.3
328000.0 0.3
328100.0 0.3
328200.0 0.3
328300.0 0.3
328400.0 0.3
328500.0 0.3
328600.0 0.3
328700.0 0.3
328800.0 0.3
328900.0 0.3
329000.0 0.3
329100.0 0.3
329200.0 0.3
329300.0 0.3
329400.0 0.3
329500.0 0.3
329600.0 0.3
329700.0 0.3
329800.0 0.3
329900.0 0.3
330000.0 0.3
330100.0 0.3
330200.0 0.3
330300.0 0.3
330400.0 0.3
330500.0 0.3
330600.0 0.3
330700.0 0.3
330800.0 0.3
330900.0 0.3
331000.0 0.3
331100.0 0.3
331200.0 0.3
331300.0 0.3
331400.0 0.3
331500.0 0.3
331600.0 0.3
331700.0 0.3
331800.0 0.3
331900.0 0.3
332000.0 0.3
332100.0 0.3
332200.0 0.3
332300.0 0.3
332400.0 0.3
332500.0 0.3
332600.0 0.3
332700.0 0.3
332800.0 0.3
332900.0 0.3
333000.0 0.3
333100.0 0.3
333200.0 0.3
333300.0 0.3
333400.0 0.3
333500.0 0.3
333600.0 0.3
333700.0 0.3
333800.0 0.3
333900.0 0.3
334000.0 0.3
334100.0 0.3
334200.0 0.3
334300.0 0.3
334400.0 0.3
334500.0 0.3
334600.0 0.3
334700.0 0.3
334800.0 0.3
334900.0 0.3
335000.0 0.3
335100.0 0.3
335200.0 0.3
335300.0 0.3
335400.0 0.3
335500.0 0.3
335600.0 0.3
335700.0 0.3
335800.0 0.3
335900.0 0.3
336000.0 0.3
336100.0 0.3
336200.0 0.3
336300.0 0.3
336400.0 0.3
336500.0 0.3
336600.0 0.3
336700.0 0.3
336800.0 0.3
336900.0 0.3
337000.0 0.3
337100.0 0.3
337200.0 0.3
337300.0 0.3
337400.0 0.3
337500.0 0.3
337600.0 0.3
337700.0 0.3
337800.0 0.3
337900.0 0.3
338000.0 0.3
338100.0 0.3
338200.0 0.3
338300.0 0.3
338400.0 0.3
338500.0 0.3
338600.0 0.3
338700.0 0.3
338800.0 0.3
338900.0 0.3
339000.0 0.3
339100.0 0.3
339200.0 0.3
339300.0 0.3
339400.0 0.3
339500.0 0.3
339600.0 0.3
339700.0 0.3
339800.0 0.3
339900.0 0.3
340000.0 0.3
340100.0 0.3
340200.0 0.3
340300.0 0.3
340400.0 0.3
340500.0 0.3
340600.0 0.3
340700.0 0.3
340800.0 0.3
340900.0 0.3
341000.0 0.3
341100.0 0.3
341200.0 0.3
341300.0 0.3
341400.0 0.3
341500.0 0.3
341600.0 0.3
341700.0 0.3
341800.0 0.3
341900.0 0.3
342000.0 0.3
342100.0 0.3
342200.0 0.3
342300.0 0.3
342400.0 0.3
342500.0 0.3
342600.0 0.3
342700.0 0.3
342800.0 0.3
342900.0 0.3
343000.0 0.3
343100.0 0.3
343200.0 0.3
343300.0 0.3
343400.0 0.3
343500.0 0.3
343600.0 0.3
343700.0 0.3
343800.0 0.3
343900.0 0.3
344000.0 0.3
344100.0 0.3
344200.0 0.3
344300.0 0.3
344400.0 0.3
344500.0 0.3
344600.0 0.3
344700.0 0.3
344800.0 0.3
344900.0 0.3
345000.0 0.3
345100.0 0.3
345200.0 0.3
345300.0 0.3
345400.0 0.3
345500.0 0.3
345600.0 0.3
345700.0 0.3
345800.0 0.3
345900.0 0.3
346000.0 0.3
346100.0 0.3
346200.0 0.3
346300.0 0.3
346400.0 0.3
346500.0 0.3
346600.0 0.3
346700.0 0.3
346800.0 0.3
346900.0 0.3
347000.0 0.3
347100.0 0.3
347200.0 0.3
347300.0 0.3
347400.0 0.3
347500.0 0.3
347600.0 0.3
347700.0 0.3
347800.0 0.3
347900.0 0.3
348000.0 0.3
348100.0 0.3
348200.0 0.3
348300.0 0.3
348400.0 0.3
348500.0 0.3
348600.0 0.3
348700.0 0.3
348800.0 0.3
348900.0 0.3
349000.0 0.3
349100.0 0.3
349200.0 0.3
349300.0 0.3
349400.0 0.3
349500.0 0.3
349600.0 0.3
349700.0 0.3
349800.0 0.3
349900.0 0.3
350000.0 0.3
350100.0 0.3
350200.0 0.3
350300.0 0.3
350400.0 0.3
350500.0 0.3
350600.0 0.3
350700.0 0.3
350800.0 0.3
350900.0 0.3
351000.0 0.3
351100.0 0.3
351200.0 0.3
351300.0 0.3
351400.0 0.3
351500.0 0.3
351600.0 0.3
351700.0 0.3
351800.0 0.3
351900.0 0.3
352000.0 0.3
352100.0 0.3
352200.0 0.3
352300.0 0.3
352400.0 0.3
352500.0 0.3
352600.0 0.3
352700.0 0.3
352800.0 0.3
352900.0 0.3
353000.0 0.3
353100.0 0.3
353200.0 0.3
353300.0 0.3
353400.0 0.3
353500.0 0.3
353600.0 0.3
353700.0 0.3
353800.0 0.3
353900.0 0.3
354000.0 0.3
354100.0 0.3
354200.0 0.3
354300.0 0.3
354400.0 0.3
354500.0 0.3
354600.0 0.3
354700.0 0.3
354800.0 0.3
354900.0 0.3
355000.0 0.3
355100.0 0.3
355200.0 0.3
355300.0 0.3
355400.0 0.3
355500.0 0.3
355600.0 0.3
355700.0 0.3
355800.0 0.3
355900.0 0.3
356000.0 0.3
356100.0 0.3
356200.0 0.3
356300.0 0.3
356400.0 0.3
356500.0 0.3
356600.0 0.3
356700.0 0.3
356800.0 0.3
356900.0 0.3
357000.0 0.3
357100.0 0.3
357200.0 0.3
357300.0 0.3
357400.0 0.3
357500.0 0.3
357600.0 0.3
357700.0 0.3
357800.0 0.3
357900.0 0.3
358000.0 0.3
358100.0 0.3
358200.0 0.3
358300.0 0.3
358400.0 0.3
358500.0 0.3
358600.0 0.3
358700.0 0.3
358800.0 0.3
358900.0 0.3
359000.0 0.3
359100.0 0.3
359200.0 0.3
359300.0 0.3
359400.0 0.3
359500.0 0.3
359600.0 0.3
359700.0 0.3
359800.0 0.3
359900.0 0.3
360000.0 0.3
360100.0 0.3
360200.0 0.3
360300.0 0.3
360400.0 0.3
360500.0 0.3
360600.0 0.3
360700.0 0.3
360800.0 0.3
360900.0 0.3
361000.0 0.3
361100.0 0.3
361200.0 0.3
361300.0 0.3
361400.0 0.3
361500.0 0.3
361600.0 0.3
361700.0 0.3
361800.0 0.3
361900.0 0.3
362000.0 0.3
362100.0 0.3
362200.0 0.3
362300.0 0.3
362400.0 0.3
362500.0 0.3
362600.0 0.3
362700.0 0.3
362800.0 0.3
362900.0 0.3
363000.0 0.3
363100.0 0.3
363200.0 0.3
363300.0 0.3
363400.0 0.3
363500.0 0.3
363600.0 0.3
363700.0 0.3
363800.0 0.3
363900.0 0.3
364000.0 0.3
364100.0 0.3
364200.0 0.3
364300.0 0.3
364400.0 0.3
364500.0 0.3
364600.0 0.3
364700.0 0.3
364800.0 0.3
364900.0 0.3
365000.0 0.3
365100.0 0.3
365200.0 0.3
365300.0 0.3
365400.0 0.3
365500.0 0.3
365600.0 0.3
365700.0 0.3
365800.0 0.3
365900.0 0.3
366000.0 0.3
366100.0 0.3
366200.0 0.3
366300.0 0.3
366400.0 0.3
366500.0 0.3
366600.0 0.3
366700.0 0.3
366800.0 0.3
366900.0 0.3
367000.0 0.3
367100.0 0.3
367200.0 0.3
367300.0 0.3
367400.0 0.3
367500.0 0.3
367600.0 0.3
367700.0 0.3
367800.0 0.3
367900.0 0.3
368000.0 0.3
368100.0 0.3
368200.0 0.3
368300.0 0.3
368400.0 0.3
368500.0 0.3
368600.0 0.3
368700.0 0.3
368800.0 0.3
368900.0 0.3
369000.0 0.3
369100.0 0.3
369200.0 0.3
369300.0 0.3
369400.0 0.3
369500.0 0.3
369600.0 0.3
369700.0 0.3
369800.0 0.3
369900.0 0.3
370000.0 0.3
370100.0 0.3
370200.0 0.3
370300.0 0.3
370400.0 0.3
370500.0 0.3
370600.0 0.3
370700.0 0.3
370800.0 0.3
370900.0 0.3
371000.0 0.3
371100.0 0.3
371200.0 0.3
371300.0 0.3
371400.0 0.3
371500.0 0.3
371600.0 0.3
371700.0 0.3
371800.0 0.3
371900.0 0.3
372000.0 0.3
372100.0 0.3
372200.0 0.3
372300.0 0.3
372400.0 0.3
372500.0 0.3
372600.0 0.3
372700.0 0.3
372800.0 0.3
372900.0 0.3
373000.0 0.3
373100.0 0.3
373200.0 0.3
373300.0 0.3
373400.0 0.3
373500.0 0.3
373600.0 0.3
373700.0 0.3
373800.0 0.3
373900.0 0.3
374000.0 0.3
374100.0 0.3
374200.0 0.3
374300.0 0.3
374400.0 0.3
374500.0 0.3
374600.0 0.3
374700.0 0.3
374800.0 0.3
374900.0 0.3
375000.0 0.3
375100.0 0.3
375200.0 0.3
375300.0 0.3
375400.0 0.3
375500.0 0.3
375600.0 0.3
375700.0 0.3
375800.0 0.3
375900.0 0.3
376000.0 0.3
376100.0 0.3
376200.0 0.3
376300.0 0.3
376400.0 0.3
376500.0 0.3
376600.0 0.3
376700.0 0.3
376800.0 0.3
376900.0 0.3
377000.0 0.3
377100.0 0.3
377200.0 0.3
377300.0 0.3
377400.0 0.3
377500.0 0.3
377600.0 0.3
377700.0 0.3
377800.0 0.3
377900.0 0.3
378000.0 0.3
378100.0 0.3
378200.0 0.3
378300.0 0.3
378400.0 0.3
378500.0 0.3
378600.0 0.3
378700.0 0.3
378800.0 0.3
378900.0 0.3
379000.0 0.3
379100.0 0.3
379200.0 0.3
379300.0 0.3
379400.0 0.3
379500.0 0.3
379600.0 0.3
379700.0 0.3
379800.0 0.3
379900.0 0.3
380000.0 0.3
380100.0 0.3
380200.0 0.3
380300.0 0.3
380400.0 0.3
380500.0 0.3
380600.0 0.3
380700.0 0.3
380800.0 0.3
380900.0 0.3
381000.0 0.3
381100.0 0.3
381200.0 0.3
381300.0 0.3
381400.0 0.3
381500.0 0.3
381600.0 0.3
381700.0 0.3
381800.0 0.3
381900.0 0.3
382000.0 0.3
382100.0 0.3
382200.0 0.3
382300.0 0.3
382400.0 0.3
382500.0 0.3
382600.0 0.3
382700.0 0.3
382800.0 0.3
382900.0 0.3
383000.0 0.3
383100.0 0.3
383200.0 0.3
383300.0 0.3
383400.0 0.3
383500.0 0.3
383600.0 0.3
383700.0 0.3
383800.0 0.3
383900.0 0.3
384000.0 0.3
384100.0 0.3
384200.0 0.3
384300.0 0.3
384400.0 0.3
384500.0 0.3
384600.0 0.3
384700.0 0.3
384800.0 0.3
384900.0 0.3
385000.0 0.3
385100.0 0.3
385200.0 0.3
385300.0 0.3
385400.0 0.3
385500.0 0.3
385600.0 0.3
385700.0 0.3
385800.0 0.3
385900.0 0.3
386000.0 0.3
386100.0 0.3
386200.0 0.3
386300.0 0.3
386400.0 0.3
386500.0 0.3
386600.0 0.3
386700.0 0.3
386800.0 0.3
386900.0 0.3
387000.0 0.3
387100.0 0.3
387200.0 0.3
387300.0 0.3
387400.0 0.3
387500.0 0.3
387600.0 0.3
387700.0 0.3
387800.0 0.3
387900.0 0.3
388000.0 0.3
388100.0 0.3
388200.0 0.3
388300.0 0.3
388400.0 0.3
388500.0 0.3
388600.0 0.3
388700.0 0.3
388800.0 0.3
388900.0 0.3
389000.0 0.3
389100.0 0.3
389200.0 0.3
389300.0 0.3
389400.0 0.3
389500.0 0.3
389600.0 0.3
389700.0 0.3
389800.0 0.3
389900.0 0.3
390000.0 0.3
390100.0 0.3
390200.0 0.3
390300.0 0.3
390400.0 0.3
390500.0 0.3
390600.0 0.3
390700.0 0.3
390800.0 0.3
390900.0 0.3
391000.0 0.3
391100.0 0.3
391200.0 0.3
391300.0 0.3
391400.0 0.3
391500.0 0.3
391600.0 0.3
391700.0 0.3
391800.0 0.3
391900.0 0.3
392000.0 0.3
392100.0 0.3
392200.0 0.3
392300.0 0.3
392400.0 0.3
392500.0 0.3
392600.0 0.3
392700.0 0.3
392800.0 0.3
392900.0 0.3
393000.0 0.3
393100.0 0.3
393200.0 0.3
393300.0 0.3
393400.0 0.3
393500.0 0.3
393600.0 0.3
393700.0 0.3
393800.0 0.3
393900.0 0.3
394000.0 0.3
394100.0 0.3
394200.0 0.3
394300.0 0.3
394400.0 0.3
394500.0 0.3
394600.0 0.3
394700.0 0.3
394800.0 0.3
394900.0 0.3
395000.0 0.3
395100.0 0.3
395200.0 0.3
395300.0 0.3
395400.0 0.3
395500.0 0.3
395600.0 0.3
395700.0 0.3
395800.0 0.3
395900.0 0.3
396000.0 0.3
396100.0 0.3
396200.0 0.3
396300.0 0.3
396400.0 0.3
396500.0 0.3
396600.0 0.3
396700.0 0.3
396800.0 0.3
396900.0 0.3
397000.0 0.3
397100.0 0.3
397200.0 0.3
397300.0 0.3
397400.0 0.3
397500.0 0.3
397600.0 0.3
397700.0 0.3
397800.0 0.3
397900.0 0.3
398000.0 0.3
398100.0 0.3
398200.0 0.3
398300.0 0.3
398400.0 0.3
398500.0 0.3
398600.0 0.3
398700.0 0.3
398800.0 0.3
398900.0 0.3
399000.0 0.3
399100.0 0.3
399200.0 0.3
399300.0 0.3
399400.0 0.3
399500.0 0.3
399600.0 0.3
399700.0 0.3
399800.0 0.3
399900.0 0.3
400000.0 0.3
400100.0 0.3
400200.0 0.3
400300.0 0.3
400400.0 0.3
400500.0 0.3
400600.0 0.3
400700.0 0.3
400800.0 0.3
400900.0 0.3
401000.0 0.3
401100.0 0.3
401200.0 0.3
401300.0 0.3
401400.0 0.3
401500.0 0.3
401600.0 0.3
401700.0 0.3
401800.0 0.3
401900.0 0.3
402000.0 0.3
402100.0 0.3
402200.0 0.3
402300.0 0.3
402400.0 0.3
402500.0 0.3
402600.0 0.3
402700.0 0.3
402800.0 0.3
402900.0 0.3
403000.0 0.3
403100.0 0.3
403200.0 0.3
403300.0 0.3
403400.0 0.3
403500.0 0.3
403600.0 0.3
403700.0 0.3
403800.0 0.3
403900.0 0.3
404000.0 0.3
404100.0 0.3
404200.0 0.3
404300.0 0.3
404400.0 0.3
404500.0 0.3
404600.0 0.3
404700.0 0.3
404800.0 0.3
404900.0 0.3
405000.0 0.3
405100.0 0.3
405200.0 0.3
405300.0 0.3
405400.0 0.3
405500.0 0.3
405600.0 0.3
405700.0 0.3
405800.0 0.3
405900.0 0.3
406000.0 0.3
406100.0 0.3
406200.0 0.3
406300.0 0.3
406400.0 0.3
406500.0 0.3
406600.0 0.3
406700.0 0.3
406800.0 0.3
406900.0 0.3
407000.0 0.3
407100.0 0.3
407200.0 0.3
407300.0 0.3
407400.0 0.3
407500.0 0.3
407600.0 0.3
407700.0 0.3
407800.0 0.3
407900.0 0.3
408000.0 0.3
408100.0 0.3
408200.0 0.3
408300.0 0.3
408400.0 0.3
408500.0 0.3
408600.0 0.3
408700.0 0.3
408800.0 0.3
408900.0 0.3
409000.0 0.3
409100.0 0.3
409200.0 0.3
409300.0 0.3
409400.0 0.3
409500.0 0.3
409600.0 0.3
409700.0 0.3
409800.0 0.3
409900.0 0.3
410000.0 0.3
410100.0 0.3
410200.0 0.3
410300.0 0.3
410400.0 0.3
410500.0 0.3
410600.0 0.3
410700.0 0.3
410800.0 0.3
410900.0 0.3
411000.0 0.3
411100.0 0.3
411200.0 0.3
411300.0 0.3
411400.0 0.3
411500.0 0.3
411600.0 0.3
411700.0 0.3
411800.0 0.3
411900.0 0.3
412000.0 0.3
412100.0 0.3
412200.0 0.3
412300.0 0.3
412400.0 0.3
412500.0 0.3
412600.0 0.3
412700.0 0.3
412800.0 0.3
412900.0 0.3
413000.0 0.3
413100.0 0.3
413200.0 0.3
413300.0 0.3
413400.0 0.3
413500.0 0.3
413600.0 0.3
413700.0 0.3
413800.0 0.3
413900.0 0.3
414000.0 0.3
414100.0 0.3
414200.0 0.3
414300.0 0.3
414400.0 0.3
414500.0 0.3
414600.0 0.3
414700.0 0.3
414800.0 0.3
414900.0 0.3
415000.0 0.3
415100.0 0.3
415200.0 0.3
415300.0 0.3
415400.0 0.3
415500.0 0.3
415600.0 0.3
415700.0 0.3
415800.0 0.3
415900.0 0.3
416000.0 0.3
416100.0 0.3
416200.0 0.3
416300.0 0.3
416400.0 0.3
416500.0 0.3
416600.0 0.3
416700.0 0.3
416800.0 0.3
416900.0 0.3
417000.0 0.3
417100.0 0.3
417200.0 0.3
417300.0 0.3
417400.0 0.3
417500.0 0.3
417600.0 0.3
417700.0 0.3
417800.0 0.3
417900.0 0.3
418000.0 0.3
418100.0 0.3
418200.0 0.3
418300.0 0.3
418400.0 0.3
418500.0 0.3
418600.0 0.3
418700.0 0.3
418800.0 0.3
418900.0 0.3
419000.0 0.3
419100.0 0.3
419200.0 0.3
419300.0 0.3
419400.0 0.3
419500.0 0.3
419600.0 0.3
419700.0 0.3
419800.0 0.3
419900.0 0.3
420000.0 0.3
420100.0 0.3
420200.0 0.3
420300.0 0.3
420400.0 0.3
420500.0 0.3
420600.0 0.3
420700.0 0.3
420800.0 0.3
420900.0 0.3
421000.0 0.3
421100.0 0.3
421200.0 0.3
421300.0 0.3
421400.0 0.3
421500.0 0.3
421600.0 0.3
421700.0 0.3
421800.0 0.3
421900.0 0.3
422000.0 0.3
422100.0 0.3
422200.0 0.3
422300.0 0.3
422400.0 0.3
422500.0 0.3
422600.0 0.3
422700.0 0.3
422800.0 0.3
422900.0 0.3
423000.0 0.3
423100.0 0.3
423200.0 0.3
423300.0 0.3
423400.0 0.3
423500.0 0.3
423600.0 0.3
423700.0 0.3
423800.0 0.3
423900.0 0.3
424000.0 0.3
424100.0 0.3
424200.0 0.3
424300.0 0.3
424400.0 0.3
424500.0 0.3
424600.0 0.3
424700.0 0.3
424800.0 0.3
424900.0 0.3
425000.0 0.3
425100.0 0.3
425200.0 0.3
425300.0 0.3
425400.0 0.3
425500.0 0.3
425600.0 0.3
425700.0 0.3
425800.0 0.3
425900.0 0.3
426000.0 0.3
426100.0 0.3
426200.0 0.3
426300.0 0.3
426400.0 0.3
426500.0 0.3
426600.0 0.3
426700.0 0.3
426800.0 0.3
426900.0 0.3
427000.0 0.3
427100.0 0.3
427200.0 0.3
427300.0 0.3
427400.0 0.3
427500.0 0.3
427600.0 0.3
427700.0 0.3
427800.0 0.3
427900.0 0.3
428000.0 0.3
428100.0 0.3
428200.0 0.3
428300.0 0.3
428400.0 0.3
428500.0 0.3
428600.0 0.3
428700.0 0.3
428800.0 0.3
428900.0 0.3
429000.0 0.3
429100.0 0.3
429200.0 0.3
429300.0 0.3
429400.0 0.3
429500.0 0.3
429600.0 0.3
429700.0 0.3
429800.0 0.3
429900.0 0.3
430000.0 0.3
430100.0 0.3
430200.0 0.3
430300.0 0.3
430400.0 0.3
430500.0 0.3
430600.0 0.3
430700.0 0.3
430800.0 0.3
430900.0 0.3
431000.0 0.3
431100.0 0.3
431200.0 0.3
431300.0 0.3
431400.0 0.3
431500.0 0.3
431600.0 0.3
431700.0 0.3
431800.0 0.3
431900.0 0.3
432000.0 0.3
432100.0 0.3
432200.0 0.3
432300.0 0.3
432400.0 0.3
432500.0 0.3
432600.0 0.3
432700.0 0.3
432800.0 0.3
432900.0 0.3
433000.0 0.3
433100.0 0.3
433200.0 0.3
433300.0 0.3
433400.0 0.3
433500.0 0.3
433600.0 0.3
433700.0 0.3
433800.0 0.3
433900.0 0.3
434000.0 0.3
434100.0 0.3
434200.0 0.3
434300.0 0.3
434400.0 0.3
434500.0 0.3
434600.0 0.3
434700.0 0.3
434800.0 0.3
434900.0 0.3
435000.0 0.3
435100.0 0.3
435200.0 0.3
435300.0 0.3
435400.0 0.3
435500.0 0.3
435600.0 0.3
435700.0 0.3
435800.0 0.3
435900.0 0.3
436000.0 0.3
436100.0 0.3
436200.0 0.3
436300.0 0.3
436400.0 0.3
436500.0 0.3
436600.0 0.3
436700.0 0.3
436800.0 0.3
436900.0 0.3
437000.0 0.3
437100.0 0.3
437200.0 0.3
437300.0 0.3
437400.0 0.3
437500.0 0.3
437600.0 0.3
437700.0 0.3
437800.0 0.3
437900.0 0.3
438000.0 0.3
438100.0 0.3
438200.0 0.3
438300.0 0.3
438400.0 0.3
438500.0 0.3
438600.0 0.3
438700.0 0.3
438800.0 0.3
438900.0 0.3
439000.0 0.3
439100.0 0.3
439200.0 0.3
439300.0 0.3
439400.0 0.3
439500.0 0.3
439600.0 0.3
439700.0 0.3
439800.0 0.3
439900.0 0.3
440000.0 0.3
440100.0 0.3
440200.0 0.3
440300.0 0.3
440400.0 0.3
440500.0 0.3
440600.0 0.3
440700.0 0.3
440800.0 0.3
440900.0 0.3
441000.0 0.3
441100.0 0.3
441200.0 0.3
441300.0 0.3
441400.0 0.3
441500.0 0.3
441600.0 0.3
441700.0 0.3
441800.0 0.3
441900.0 0.3
442000.0 0.3
442100.0 0.3
442200.0 0.3
442300.0 0.3
442400.0 0.3
442500.0 0.3
442600.0 0.3
442700.0 0.3
442800.0 0.3
442900.0 0.3
443000.0 0.3
443100.0 0.3
443200.0 0.3
443300.0 0.3
443400.0 0.3
443500.0 0.3
443600.0 0.3
443700.0 0.3
443800.0 0.3
443900.0 0.3
444000.0 0.3
444100.0 0.3
444200.0 0.3
444300.0 0.3
444400.0 0.3
444500.0 0.3
444600.0 0.3
444700.0 0.3
444800.0 0.3
444900.0 0.3
445000.0 0.3
445100.0 0.3
445200.0 0.3
445300.0 0.3
445400.0 0.3
445500.0 0.3
445600.0 0.3
445700.0 0.3
445800.0 0.3
445900.0 0.3
446000.0 0.3
446100.0 0.3
446200.0 0.3
446300.0 0.3
446400.0 0.3
446500.0 0.3
446600.0 0.3
446700.0 0.3
446800.0 0.3
446900.0 0.3
447000.0 0.3
447100.0 0.3
447200.0 0.3
447300.0 0.3
447400.0 0.3
447500.0 0.3
447600.0 0.3
447700.0 0.3
447800.0 0.3
447900.0 0.3
448000.0 0.3
448100.0 0.3
448200.0 0.3
448300.0 0.3
448400.0 0.3
448500.0 0.3
448600.0 0.3
448700.0 0.3
448800.0 0.3
448900.0 0.3
449000.0 0.3
449100.0 0.3
449200.0 0.3
449300.0 0.3
449400.0 0.3
449500.0 0.3
449600.0 0.3
449700.0 0.3
449800.0 0.3
449900.0 0.3
450000.0 0.3
450100.0 0.3
450200.0 0.3
450300.0 0.3
450400.0 0.3
450500.0 0.3
450600.0 0.3
450700.0 0.3
450800.0 0.3
450900.0 0.3
451000.0 0.3
451100.0 0.3
451200.0 0.3
451300.0 0.3
451400.0 0.3
451500.0 0.3
451600.0 0.3
451700.0 0.3
451800.0 0.3
451900.0 0.3
452000.0 0.3
452100.0 0.3
452200.0 0.3
452300.0 0.3
452400.0 0.3
452500.0 0.3
452600.0 0.3
452700.0 0.3
452800.0 0.3
452900.0 0.3
453000.0 0.3
453100.0 0.3
453200.0 0.3
453300.0 0.3
453400.0 0.3
453500.0 0.3
453600.0 0.3
453700.0 0.3
453800.0 0.3
453900.0 0.3
454000.0 0.3
454100.0 0.3
454200.0 0.3
454300.0 0.3
454400.0 0.3
454500.0 0.3
454600.0 0.3
454700.0 0.3
454800.0 0.3
454900.0 0.3
455000.0 0.3
455100.0 0.3
455200.0 0.3
455300.0 0.3
455400.0 0.3
455500.0 0.3
455600.0 0.3
455700.0 0.3
455800.0 0.3
455900.0 0.3
456000.0 0.3
456100.0 0.3
456200.0 0.3
456300.0 0.3
456400.0 0.3
456500.0 0.3
456600.0 0.3
456700.0 0.3
456800.0 0.3
456900.0 0.3
457000.0 0.3
457100.0 0.3
457200.0 0.3
457300.0 0.3
457400.0 0.3
457500.0 0.3
457600.0 0.3
457700.0 0.3
457800.0 0.3
457900.0 0.3
458000.0 0.3
458100.0 0.3
458200.0 0.3
458300.0 0.3
458400.0 0.3
458500.0 0.3
458600.0 0.3
458700.0 0.3
458800.0 0.3
458900.0 0.3
459000.0 0.3
459100.0 0.3
459200.0 0.3
459300.0 0.3
459400.0 0.3
459500.0 0.3
459600.0 0.3
459700.0 0.3
459800.0 0.3
459900.0 0.3
460000.0 0.3
460100.0 0.3
460200.0 0.3
460300.0 0.3
460400.0 0.3
460500.0 0.3
460600.0 0.3
460700.0 0.3
460800.0 0.3
460900.0 0.3
461000.0 0.3
461100.0 0.3
461200.0 0.3
461300.0 0.3
461400.0 0.3
461500.0 0.3
461600.0 0.3
461700.0 0.3
461800.0 0.3
461900.0 0.3
462000.0 0.3
462100.0 0.3
462200.0 0.3
462300.0 0.3
462400.0 0.3
462500.0 0.3
462600.0 0.3
462700.0 0.3
462800.0 0.3
462900.0 0.3
463000.0 0.3
463100.0 0.3
463200.0 0.3
463300.0 0.3
463400.0 0.3
463500.0 0.3
463600.0 0.3
463700.0 0.3
463800.0 0.3
463900.0 0.3
464000.0 0.3
464100.0 0.3
464200.0 0.3
464300.0 0.3
464400.0 0.3
464500.0 0.3
464600.0 0.3
464700.0 0.3
464800.0 0.3
464900.0 0.3
465000.0 0.3
465100.0 0.3
465200.0 0.3
465300.0 0.3
465400.0 0.3
465500.0 0.3
465600.0 0.3
465700.0 0.3
465800.0 0.3
465900.0 0.3
466000.0 0.3
466100.0 0.3
466200.0 0.3
466300.0 0.3
466400.0 0.3
466500.0 0.3
466600.0 0.3
466700.0 0.3
466800.0 0.3
466900.0 0.3
467000.0 0.3
467100.0 0.3
467200.0 0.3
467300.0 0.3
467400.0 0.3
467500.0 0.3
467600.0 0.3
467700.0 0.3
467800.0 0.3
467900.0 0.3
468000.0 0.3
468100.0 0.3
468200.0 0.3
468300.0 0.3
468400.0 0.3
468500.0 0.3
468600.0 0.3
468700.0 0.3
468800.0 0.3
468900.0 0.3
469000.0 0.3
469100.0 0.3
469200.0 0.3
469300.0 0.3
469400.0 0.3
469500.0 0.3
469600.0 0.3
469700.0 0.3
469800.0 0.3
469900.0 0.3
470000.0 0.3
470100.0 0.3
470200.0 0.3
470300.0 0.3
470400.0 0.3
470500.0 0.3
470600.0 0.3
470700.0 0.3
470800.0 0.3
470900.0 0.3
471000.0 0.3
471100.0 0.3
471200.0 0.3
471300.0 0.3
471400.0 0.3
471500.0 0.3
471600.0 0.3
471700.0 0.3
471800.0 0.3
471900.0 0.3
472000.0 0.3
472100.0 0.3
472200.0 0.3
472300.0 0.3
472400.0 0.3
472500.0 0.3
472600.0 0.3
472700.0 0.3
472800.0 0.3
472900.0 0.3
473000.0 0.3
473100.0 0.3
473200.0 0.3
473300.0 0.3
473400.0 0.3
473500.0 0.3
473600.0 0.3
473700.0 0.3
473800.0 0.3
473900.0 0.3
474000.0 0.3
474100.0 0.3
474200.0 0.3
474300.0 0.3
474400.0 0.3
474500.0 0.3
474600.0 0.3
474700.0 0.3
474800.0 0.3
474900.0 0.3
475000.0 0.3
475100.0 0.3
475200.0 0.3
475300.0 0.3
475400.0 0.3
475500.0 0.3
475600.0 0.3
475700.0 0.3
475800.0 0.3
475900.0 0.3
476000.0 0.3
476100.0 0.3
476200.0 0.3
476300.0 0.3
476400.0 0.3
476500.0 0.3
476600.0 0.3
476700.0 0.3
476800.0 0.3
476900.0 0.3
477000.0 0.3
477100.0 0.3
477200.0 0.3
477300.0 0.3
477400.0 0.3
477500.0 0.3
477600.0 0.3
477700.0 0.3
477800.0 0.3
477900.0 0.3
478000.0 0.3
478100.0 0.3
478200.0 0.3
478300.0 0.3
478400.0 0.3
478500.0 0.3
478600.0 0.3
478700.0 0.3
478800.0 0.3
478900.0 0.3
479000.0 0.3
479100.0 0.3
479200.0 0.3
479300.0 0.3
479400.0 0.3
479500.0 0.3
479600.0 0.3
479700.0 0.3
479800.0 0.3
479900.0 0.3
480000.0 0.3
480100.0 0.3
480200.0 0.3
480300.0 0.3
480400.0 0.3
480500.0 0.3
480600.0 0.3
480700.0 0.3
480800.0 0.3
480900.0 0.3
481000.0 0.3
481100.0 0.3
481200.0 0.3
481300.0 0.3
481400.0 0.3
481500.0 0.3
481600.0 0.3
481700.0 0.3
481800.0 0.3
481900.0 0.3
482000.0 0.3
482100.0 0.3
482200.0 0.3
482300.0 0.3
482400.0 0.3
482500.0 0.3
482600.0 0.3
482700.0 0.3
482800.0 0.3
482900.0 0.3
483000.0 0.3
483100.0 0.3
483200.0 0.3
483300.0 0.3
483400.0 0.3
483500.0 0.3
483600.0 0.3
483700.0 0.3
483800.0 0.3
483900.0 0.3
484000.0 0.3
484100.0 0.3
484200.0 0.3
484300.0 0.3
484400.0 0.3
484500.0 0.3
484600.0 0.3
484700.0 0.3
484800.0 0.3
484900.0 0.3
485000.0 0.3
485100.0 0.3
485200.0 0.3
485300.0 0.3
485400.0 0.3
485500.0 0.3
485600.0 0.3
485700.0 0.3
485800.0 0.3
485900.0 0.3
486000.0 0.3
486100.0 0.3
486200.0 0.3
486300.0 0.3
486400.0 0.3
486500.0 0.3
486600.0 0.3
486700.0 0.3
486800.0 0.3
486900.0 0.3
487000.0 0.3
487100.0 0.3
487200.0 0.3
487300.0 0.3
487400.0 0.3
487500.0 0.3
487600.0 0.3
487700.0 0.3
487800.0 0.3
487900.0 0.3
488000.0 0.3
488100.0 0.3
488200.0 0.3
488300.0 0.3
488400.0 0.3
488500.0 0.3
488600.0 0.3
488700.0 0.3
488800.0 0.3
488900.0 0.3
489000.0 0.3
489100.0 0.3
489200.0 0.3
489300.0 0.3
489400.0 0.3
489500.0 0.3
489600.0 0.3
489700.0 0.3
489800.0 0.3
489900.0 0.3
490000.0 0.3
490100.0 0.3
490200.0 0.3
490300.0 0.3
490400.0 0.3
490500.0 0.3
490600.0 0.3
490700.0 0.3
490800.0 0.3
490900.0 0.3
491000.0 0.3
491100.0 0.3
491200.0 0.3
491300.0 0.3
491400.0 0.3
491500.0 0.3
491600.0 0.3
491700.0 0.3
491800.0 0.3
491900.0 0.3
492000.0 0.3
492100.0 0.3
492200.0 0.3
492300.0 0.3
492400.0 0.3
492500.0 0.3
492600.0 0.3
492700.0 0.3
492800.0 0.3
492900.0 0.3
493000.0 0.3
493100.0 0.3
493200.0 0.3
493300.0 0.3
493400.0 0.3
493500.0 0.3
493600.0 0.3
493700.0 0.3
493800.0 0.3
493900.0 0.3
494000.0 0.3
494100.0 0.3
494200.0 0.3
494300.0 0.3
494400.0 0.3
494500.0 0.3
494600.0 0.3
494700.0 0.3
494800.0 0.3
494900.0 0.3
495000.0 0.3
495100.0 0.3
495200.0 0.3
495300.0 0.3
495400.0 0.3
495500.0 0.3
495600.0 0.3
495700.0 0.3
495800.0 0.3
495900.0 0.3
496000.0 0.3
496100.0 0.3
496200.0 0.3
496300.0 0.3
496400.0 0.3
496500.0 0.3
496600.0 0.3
496700.0 0.3
496800.0 0.3
496900.0 0.3
497000.0 0.3
497100.0 0.3
497200.0 0.3
497300.0 0.3
497400.0 0.3
497500.0 0.3
497600.0 0.3
497700.0 0.3
497800.0 0.3
497900.0 0.3
498000.0 0.3
498100.0 0.3
498200.0 0.3
498300.0 0.3
498400.0 0.3
498500.0 0.3
498600.0 0.3
498700.0 0.3
498800.0 0.3
498900.0 0.3
499000.0 0.3
499100.0 0.3
499200.0 0.3
499300.0 0.3
499400.0 0.3
499500.0 0.3
499600.0 0.3
499700.0 0.3
499800.0 0.3
499900.0 0.3
500000.0 0.3
