100.0 4.8
200.0 3.9
300.0 5.0
400.0 3.6
500.0 4.3
600.0 4.7
700.0 3.0
800.0 4.5
900.0 4.1
1000.0 4.3
1100.0 4.5
1200.0 4.1
1300.0 4.6
1400.0 3.7
1500.0 4.6
1600.0 3.6
1700.0 4.3
1800.0 3.6
1900.0 4.9
2000.0 4.1
2100.0 4.6
2200.0 4.4
2300.0 4.2
2400.0 5.5
2500.0 3.6
2600.0 3.9
2700.0 4.0
2800.0 4.3
2900.0 4.0
3000.0 4.7
3100.0 3.9
3200.0 5.2
3300.0 5.1
3400.0 3.8
3500.0 5.2
3600.0 3.6
3700.0 5.1
3800.0 3.7
3900.0 4.1
4000.0 5.0
4100.0 5.5
4200.0 4.6
4300.0 3.6
4400.0 3.9
4500.0 4.4
4600.0 4.0
4700.0 3.3
4800.0 3.9
4900.0 4.5
5000.0 3.6
5100.0 3.1
5200.0 4.5
5300.0 4.1
5400.0 4.4
5500.0 4.0
5600.0 3.9
5700.0 4.9
5800.0 4.2
5900.0 4.6
6000.0 3.9
6100.0 3.6
6200.0 4.6
6300.0 3.4
6400.0 5.2
6500.0 4.5
6600.0 4.0
6700.0 4.3
6800.0 3.8
6900.0 5.1
7000.0 4.8
7100.0 4.3
7200.0 3.5
7300.0 5.8
7400.0 4.8
7500.0 4.9
7600.0 2.8
7700.0 5.2
7800.0 4.6
7900.0 5.4
8000.0 5.3
8100.0 3.9
8200.0 4.5
8300.0 4.5
8400.0 3.3
8500.0 3.8
8600.0 4.3
8700.0 4.2
8800.0 5.2
8900.0 5.1
9000.0 4.2
9100.0 3.7
9200.0 5.4
9300.0 4.5
9400.0 3.5
9500.0 4.5
9600.0 5.7
9700.0 4.2
9800.0 3.4
9900.0 3.7
10000.0 6.2
10100.0 3.9
10200.0 4.9
10300.0 5.1
10400.0 4.7
10500.0 4.5
10600.0 4.3
10700.0 4.2
10800.0 5.4
10900.0 4.6
11000.0 4.4
11100.0 4.5
11200.0 4.2
11300.0 4.5
11400.0 3.7
11500.0 4.9
11600.0 3.9
11700.0 4.8
11800.0 4.3
11900.0 4.1
12000.0 4.1
12100.0 4.0
12200.0 3.9
12300.0 4.3
12400.0 4.6
12500.0 4.4
12600.0 3.8
12700.0 3.7
12800.0 4.9
12900.0 4.5
13000.0 5.0
13100.0 4.6
13200.0 4.3
13300.0 3.5
13400.0 4.3
13500.0 4.3
13600.0 2.7
13700.0 3.9
13800.0 4.7
13900.0 3.5
14000.0 3.8
14100.0 4.2
14200.0 3.5
14300.0 5.4
14400.0 5.3
14500.0 4.7
14600.0 4.6
14700.0 5.2
14800.0 4.3
14900.0 3.7
15000.0 3.4
15100.0 4.3
15200.0 4.4
15300.0 3.7
15400.0 4.6
15500.0 4.6
15600.0 4.2
15700.0 4.6
15800.0 3.9
15900.0 3.4
16000.0 5.0
16100.0 4.8
16200.0 5.1
16300.0 4.2
16400.0 3.5
16500.0 4.3
16600.0 4.6
16700.0 4.5
16800.0 3.7
16900.0 4.5
17000.0 4.9
17100.0 4.8
17200.0 4.1
17300.0 5.1
17400.0 3.9
17500.0 4.6
17600.0 4.4
17700.0 4.0
17800.0 4.8
17900.0 4.2
18000.0 4.1
18100.0 4.3
18200.0 3.7
18300.0 5.6
18400.0 5.0
18500.0 4.6
18600.0 3.6
18700.0 4.8
18800.0 3.9
18900.0 4.2
19000.0 4.5
19100.0 4.4
19200.0 5.0
19300.0 4.6
19400.0 4.2
19500.0 3.9
19600.0 4.5
19700.0 4.2
19800.0 3.9
19900.0 3.7
20000.0 4.3
20100.0 4.3
20200.0 4.6
20300.0 4.0
20400.0 3.8
20500.0 4.1
20600.0 4.9
20700.0 5.0
20800.0 4.7
20900.0 3.9
21000.0 4.0
21100.0 5.4
21200.0 4.0
21300.0 3.5
21400.0 4.6
21500.0 3.9
21600.0 5.2
21700.0 3.8
21800.0 3.7
21900.0 4.9
22000.0 5.0
22100.0 5.1
22200.0 5.7
22300.0 4.4
22400.0 5.0
22500.0 4.3
22600.0 4.6
22700.0 4.9
22800.0 3.8
22900.0 4.4
23000.0 4.3
23100.0 3.3
23200.0 4.4
23300.0 4.4
23400.0 4.4
23500.0 4.6
23600.0 4.1
23700.0 3.8
23800.0 3.6
23900.0 4.9
24000.0 4.7
24100.0 4.0
24200.0 4.1
24300.0 5.4
24400.0 4.2
24500.0 3.8
24600.0 4.9
24700.0 3.8
24800.0 4.5
24900.0 4.4
25000.0 4.1
25100.0 3.5
25200.0 4.4
25300.0 4.5
25400.0 4.3
25500.0 3.4
25600.0 4.2
25700.0 5.1
25800.0 4.4
25900.0 3.0
26000.0 3.9
26100.0 4.7
26200.0 4.4
26300.0 4.6
26400.0 5.6
26500.0 4.0
26600.0 3.2
26700.0 4.2
26800.0 4.4
26900.0 4.4
27000.0 3.1
27100.0 3.6
27200.0 4.4
27300.0 3.3
27400.0 4.9
27500.0 4.2
27600.0 3.2
27700.0 4.6
27800.0 4.9
27900.0 3.5
28000.0 4.7
28100.0 4.1
28200.0 4.9
28300.0 4.3
28400.0 3.3
28500.0 4.4
28600.0 3.4
28700.0 3.3
28800.0 4.7
28900.0 4.5
29000.0 4.3
29100.0 3.9
29200.0 4.4
29300.0 4.0
29400.0 3.8
29500.0 3.6
29600.0 4.0
29700.0 4.8
29800.0 4.0
29900.0 3.6
30000.0 3.2
30100.0 3.9
30200.0 4.3
30300.0 4.3
30400.0 4.0
30500.0 3.6
30600.0 3.4
30700.0 4.0
30800.0 3.6
30900.0 3.7
31000.0 3.8
31100.0 4.2
31200.0 3.1
31300.0 4.5
31400.0 4.2
31500.0 4.3
31600.0 4.6
31700.0 4.6
31800.0 4.2
31900.0 3.8
32000.0 3.4
32100.0 4.3
32200.0 3.6
32300.0 3.9
32400.0 3.7
32500.0 2.7
32600.0 4.0
32700.0 4.6
32800.0 3.9
32900.0 2.8
33000.0 4.3
33100.0 3.9
33200.0 4.0
33300.0 5.9
33400.0 3.6
33500.0 4.1
33600.0 4.2
33700.0 3.5
33800.0 4.1
33900.0 3.2
34000.0 3.9
34100.0 3.4
34200.0 3.4
34300.0 3.7
34400.0 4.2
34500.0 3.8
34600.0 4.7
34700.0 3.5
34800.0 4.7
34900.0 4.3
35000.0 3.9
35100.0 3.5
35200.0 4.4
35300.0 4.7
35400.0 3.6
35500.0 4.8
35600.0 4.3
35700.0 3.7
35800.0 3.8
35900.0 3.6
36000.0 4.3
36100.0 3.4
36200.0 3.3
36300.0 3.0
36400.0 3.4
36500.0 4.5
36600.0 3.5
36700.0 3.8
36800.0 3.6
36900.0 3.5
37000.0 3.5
37100.0 4.2
37200.0 3.9
37300.0 4.9
37400.0 4.7
37500.0 3.1
37600.0 3.6
37700.0 3.8
37800.0 3.7
37900.0 3.7
38000.0 3.5
38100.0 4.7
38200.0 4.3
38300.0 3.5
38400.0 4.8
38500.0 3.8
38600.0 4.8
38700.0 4.8
38800.0 3.4
38900.0 3.3
39000.0 3.7
39100.0 4.0
39200.0 5.0
39300.0 4.5
39400.0 3.4
39500.0 3.8
39600.0 3.4
39700.0 3.2
39800.0 3.5
39900.0 3.7
40000.0 3.9
40100.0 4.8
40200.0 3.8
40300.0 3.1
40400.0 3.9
40500.0 4.3
40600.0 4.8
40700.0 4.2
40800.0 3.8
40900.0 3.3
41000.0 3.3
41100.0 3.9
41200.0 2.6
41300.0 3.2
41400.0 3.9
41500.0 4.0
41600.0 4.2
41700.0 3.8
41800.0 4.3
41900.0 4.1
42000.0 5.4
42100.0 3.3
42200.0 3.7
42300.0 4.6
42400.0 4.7
42500.0 3.3
42600.0 3.8
42700.0 2.8
42800.0 4.1
42900.0 4.3
43000.0 4.2
43100.0 4.9
43200.0 3.7
43300.0 3.9
43400.0 3.0
43500.0 4.4
43600.0 4.4
43700.0 3.3
43800.0 4.0
43900.0 4.2
44000.0 4.0
44100.0 4.5
44200.0 4.2
44300.0 3.9
44400.0 3.8
44500.0 4.1
44600.0 4.1
44700.0 4.0
44800.0 3.4
44900.0 3.3
45000.0 3.6
45100.0 4.1
45200.0 4.4
45300.0 4.4
45400.0 4.9
45500.0 4.2
45600.0 3.5
45700.0 4.0
45800.0 4.1
45900.0 4.7
46000.0 4.5
46100.0 3.8
46200.0 3.8
46300.0 4.0
46400.0 4.5
46500.0 2.8
46600.0 3.4
46700.0 4.0
46800.0 3.2
46900.0 2.9
47000.0 3.5
47100.0 3.8
47200.0 3.9
47300.0 4.4
47400.0 2.9
47500.0 3.0
47600.0 2.9
47700.0 3.3
47800.0 3.7
47900.0 3.5
48000.0 3.6
48100.0 3.1
48200.0 4.4
48300.0 4.4
48400.0 3.4
48500.0 4.2
48600.0 4.8
48700.0 4.2
48800.0 3.8
48900.0 3.8
49000.0 3.6
49100.0 3.0
49200.0 3.2
49300.0 3.5
49400.0 2.9
49500.0 3.5
49600.0 3.4
49700.0 3.2
49800.0 3.8
49900.0 4.9
50000.0 2.6
50100.0 3.7
50200.0 3.4
50300.0 4.2
50400.0 3.8
50500.0 4.1
50600.0 3.8
50700.0 3.7
50800.0 3.0
50900.0 3.9
51000.0 3.0
51100.0 3.4
51200.0 2.8
51300.0 4.3
51400.0 3.5
51500.0 5.1
51600.0 3.7
51700.0 3.7
51800.0 4.3
51900.0 3.8
52000.0 3.4
52100.0 3.1
52200.0 4.6
52300.0 4.3
52400.0 3.6
52500.0 4.7
52600.0 3.0
52700.0 3.4
52800.0 3.3
52900.0 4.4
53000.0 3.4
53100.0 3.4
53200.0 3.6
53300.0 3.5
53400.0 3.8
53500.0 4.6
53600.0 3.7
53700.0 3.7
53800.0 4.6
53900.0 4.2
54000.0 3.6
54100.0 4.2
54200.0 3.5
54300.0 3.5
54400.0 3.6
54500.0 3.3
54600.0 4.4
54700.0 4.7
54800.0 3.4
54900.0 3.3
55000.0 3.2
55100.0 4.0
55200.0 3.7
55300.0 4.5
55400.0 4.9
55500.0 4.3
55600.0 3.6
55700.0 4.0
55800.0 3.7
55900.0 3.6
56000.0 3.3
56100.0 3.5
56200.0 3.6
56300.0 3.5
56400.0 4.9
56500.0 4.6
56600.0 4.9
56700.0 2.4
56800.0 4.1
56900.0 3.5
57000.0 3.6
57100.0 3.6
57200.0 3.1
57300.0 3.9
57400.0 2.8
57500.0 2.9
57600.0 3.3
57700.0 2.9
57800.0 2.5
57900.0 3.2
58000.0 3.3
58100.0 4.4
58200.0 3.2
58300.0 2.7
58400.0 2.3
58500.0 4.4
58600.0 3.4
58700.0 3.5
58800.0 3.8
58900.0 3.2
59000.0 3.5
59100.0 3.5
59200.0 3.6
59300.0 2.7
59400.0 4.6
59500.0 3.2
59600.0 3.7
59700.0 4.4
59800.0 3.7
59900.0 3.5
60000.0 2.9
60100.0 3.2
60200.0 4.8
60300.0 3.2
60400.0 2.2
60500.0 4.3
60600.0 3.0
60700.0 3.1
60800.0 3.5
60900.0 2.9
61000.0 4.4
61100.0 4.1
61200.0 4.1
61300.0 2.9
61400.0 3.8
61500.0 3.9
61600.0 3.6
61700.0 2.7
61800.0 3.6
61900.0 3.6
62000.0 3.6
62100.0 2.4
62200.0 3.8
62300.0 2.7
62400.0 3.3
62500.0 3.4
62600.0 4.1
62700.0 3.6
62800.0 4.1
62900.0 3.5
63000.0 3.8
63100.0 3.9
63200.0 4.7
63300.0 3.5
63400.0 3.0
63500.0 3.2
63600.0 3.4
63700.0 3.9
63800.0 3.2
63900.0 3.7
64000.0 3.9
64100.0 3.9
64200.0 3.2
64300.0 3.0
64400.0 3.1
64500.0 3.4
64600.0 3.1
64700.0 3.4
64800.0 3.2
64900.0 3.4
65000.0 3.4
65100.0 4.5
65200.0 3.5
65300.0 3.7
65400.0 3.3
65500.0 2.9
65600.0 2.9
65700.0 3.6
65800.0 4.1
65900.0 3.5
66000.0 2.7
66100.0 3.3
66200.0 2.7
66300.0 2.9
66400.0 3.9
66500.0 3.1
66600.0 3.0
66700.0 4.0
66800.0 3.0
66900.0 3.1
67000.0 2.6
67100.0 3.0
67200.0 2.3
67300.0 3.0
67400.0 3.6
67500.0 2.1
67600.0 3.0
67700.0 2.9
67800.0 4.0
67900.0 3.5
68000.0 4.0
68100.0 3.5
68200.0 3.9
68300.0 4.6
68400.0 3.2
68500.0 2.9
68600.0 2.5
68700.0 2.7
68800.0 3.6
68900.0 2.9
69000.0 2.6
69100.0 2.9
69200.0 4.2
69300.0 3.1
69400.0 1.9
69500.0 2.7
69600.0 3.7
69700.0 3.1
69800.0 3.9
69900.0 3.5
70000.0 3.7
70100.0 3.5
70200.0 2.7
70300.0 3.9
70400.0 3.3
70500.0 3.7
70600.0 4.0
70700.0 2.9
70800.0 4.0
70900.0 4.0
71000.0 3.6
71100.0 3.3
71200.0 2.8
71300.0 3.7
71400.0 2.5
71500.0 2.7
71600.0 2.8
71700.0 2.4
71800.0 3.4
71900.0 3.7
72000.0 2.9
72100.0 3.0
72200.0 2.6
72300.0 3.0
72400.0 3.3
72500.0 3.8
72600.0 3.7
72700.0 2.6
72800.0 2.8
72900.0 3.4
73000.0 2.8
73100.0 3.4
73200.0 3.1
73300.0 2.9
73400.0 2.6
73500.0 2.8
73600.0 2.4
73700.0 3.1
73800.0 3.8
73900.0 3.1
74000.0 3.9
74100.0 3.1
74200.0 3.6
74300.0 2.8
74400.0 3.7
74500.0 3.5
74600.0 2.7
74700.0 4.0
74800.0 3.1
74900.0 4.3
75000.0 2.5
75100.0 2.8
75200.0 3.3
75300.0 2.1
75400.0 3.2
75500.0 3.1
75600.0 3.6
75700.0 2.8
75800.0 3.0
75900.0 3.0
76000.0 2.5
76100.0 2.4
76200.0 3.4
76300.0 3.3
76400.0 3.1
76500.0 3.0
76600.0 3.0
76700.0 3.6
76800.0 4.3
76900.0 3.6
77000.0 3.0
77100.0 3.4
77200.0 2.9
77300.0 3.0
77400.0 2.2
77500.0 2.2
77600.0 2.0
77700.0 3.4
77800.0 3.0
77900.0 3.2
78000.0 2.8
78100.0 3.6
78200.0 2.6
78300.0 2.8
78400.0 3.5
78500.0 3.0
78600.0 2.9
78700.0 2.0
78800.0 2.6
78900.0 2.7
79000.0 3.2
79100.0 2.5
79200.0 3.2
79300.0 3.4
79400.0 2.2
79500.0 3.3
79600.0 3.2
79700.0 2.5
79800.0 2.6
79900.0 3.1
80000.0 2.9
80100.0 2.6
80200.0 2.8
80300.0 2.8
80400.0 3.2
80500.0 2.0
80600.0 2.7
80700.0 3.3
80800.0 3.2
80900.0 2.5
81000.0 1.8
81100.0 2.7
81200.0 2.2
81300.0 3.0
81400.0 2.9
81500.0 3.7
81600.0 2.9
81700.0 3.4
81800.0 3.0
81900.0 2.5
82000.0 2.6
82100.0 3.0
82200.0 2.9
82300.0 2.3
82400.0 3.2
82500.0 3.8
82600.0 3.4
82700.0 2.5
82800.0 3.1
82900.0 2.7
83000.0 3.5
83100.0 3.3
83200.0 2.9
83300.0 3.1
83400.0 2.5
83500.0 3.1
83600.0 2.8
83700.0 2.7
83800.0 3.4
83900.0 3.2
84000.0 2.3
84100.0 2.4
84200.0 2.1
84300.0 3.1
84400.0 3.2
84500.0 3.0
84600.0 2.7
84700.0 2.3
84800.0 2.6
84900.0 2.9
85000.0 3.3
85100.0 3.5
85200.0 3.3
85300.0 3.0
85400.0 4.0
85500.0 2.5
85600.0 2.7
85700.0 3.1
85800.0 2.5
85900.0 2.2
86000.0 3.3
86100.0 3.1
86200.0 1.4
86300.0 3.1
86400.0 3.2
86500.0 2.6
86600.0 2.8
86700.0 2.7
86800.0 2.3
86900.0 2.6
87000.0 2.3
87100.0 2.7
87200.0 3.3
87300.0 3.1
87400.0 2.3
87500.0 2.5
87600.0 2.6
87700.0 2.1
87800.0 2.8
87900.0 2.7
88000.0 2.6
88100.0 2.4
88200.0 2.5
88300.0 2.6
88400.0 1.8
88500.0 2.1
88600.0 2.6
88700.0 2.8
88800.0 3.0
88900.0 2.6
89000.0 3.4
89100.0 2.1
89200.0 2.8
89300.0 2.5
89400.0 2.7
89500.0 2.4
89600.0 2.7
89700.0 2.3
89800.0 2.2
89900.0 2.8
90000.0 2.6
90100.0 3.4
90200.0 2.5
90300.0 2.6
90400.0 2.1
90500.0 2.4
90600.0 2.2
90700.0 2.6
90800.0 2.1
90900.0 2.1
91000.0 2.5
91100.0 2.4
91200.0 2.1
91300.0 2.6
91400.0 2.0
91500.0 2.3
91600.0 2.5
91700.0 2.9
91800.0 3.0
91900.0 2.0
92000.0 2.0
92100.0 2.5
92200.0 2.2
92300.0 3.3
92400.0 1.9
92500.0 2.4
92600.0 3.2
92700.0 2.2
92800.0 2.4
92900.0 2.0
93000.0 2.4
93100.0 2.1
93200.0 2.1
93300.0 2.7
93400.0 2.9
93500.0 3.0
93600.0 3.2
93700.0 2.7
93800.0 2.3
93900.0 2.6
94000.0 2.5
94100.0 2.6
94200.0 2.2
94300.0 1.7
94400.0 2.5
94500.0 2.8
94600.0 2.6
94700.0 2.2
94800.0 2.1
94900.0 3.7
95000.0 3.0
95100.0 2.1
95200.0 2.4
95300.0 2.2
95400.0 2.4
95500.0 1.8
95600.0 2.1
95700.0 1.5
95800.0 2.1
95900.0 2.7
96000.0 2.7
96100.0 2.3
96200.0 2.5
96300.0 2.4
96400.0 2.0
96500.0 2.7
96600.0 2.7
96700.0 2.3
96800.0 2.0
96900.0 2.4
97000.0 2.7
97100.0 3.2
97200.0 2.0
97300.0 1.9
97400.0 2.0
97500.0 2.3
97600.0 1.4
97700.0 1.7
97800.0 2.1
97900.0 2.0
98000.0 2.0
98100.0 2.5
98200.0 2.3
98300.0 3.2
98400.0 2.8
98500.0 2.3
98600.0 2.4
98700.0 2.2
98800.0 2.0
98900.0 2.3
99000.0 3.2
99100.0 2.2
99200.0 2.2
99300.0 2.1
99400.0 1.7
99500.0 2.3
99600.0 2.4
99700.0 2.4
99800.0 2.0
99900.0 2.4
100000.0 1.7
100100.0 1.4
100200.0 2.1
100300.0 2.6
100400.0 2.2
100500.0 2.3
100600.0 2.8
100700.0 2.7
100800.0 2.0
100900.0 1.9
101000.0 1.9
101100.0 2.6
101200.0 2.4
101300.0 1.4
101400.0 2.4
101500.0 2.2
101600.0 2.6
101700.0 2.3
101800.0 2.5
101900.0 2.8
102000.0 2.1
102100.0 2.2
102200.0 2.7
102300.0 2.1
102400.0 1.6
102500.0 1.9
102600.0 2.2
102700.0 2.2
102800.0 2.0
102900.0 2.4
103000.0 2.0
103100.0 1.6
103200.0 2.6
103300.0 2.2
103400.0 2.1
103500.0 2.1
103600.0 2.1
103700.0 1.9
103800.0 1.8
103900.0 2.7
104000.0 1.9
104100.0 2.0
104200.0 1.8
104300.0 1.4
104400.0 1.5
104500.0 2.5
104600.0 2.8
104700.0 2.9
104800.0 2.9
104900.0 1.9
105000.0 2.5
105100.0 1.9
105200.0 2.2
105300.0 1.7
105400.0 1.9
105500.0 2.2
105600.0 1.7
105700.0 1.6
105800.0 1.7
105900.0 1.6
106000.0 2.3
106100.0 1.8
106200.0 1.8
106300.0 1.9
106400.0 1.4
106500.0 2.0
106600.0 1.8
106700.0 2.7
106800.0 2.7
106900.0 2.8
107000.0 2.0
107100.0 1.3
107200.0 1.6
107300.0 1.2
107400.0 1.3
107500.0 2.0
107600.0 1.6
107700.0 1.7
107800.0 1.4
107900.0 1.2
108000.0 2.0
108100.0 2.1
108200.0 1.5
108300.0 2.0
108400.0 2.0
108500.0 1.5
108600.0 1.6
108700.0 1.4
108800.0 1.0
108900.0 1.2
109000.0 1.4
109100.0 1.2
109200.0 1.8
109300.0 2.2
109400.0 2.6
109500.0 1.7
109600.0 1.5
109700.0 1.4
109800.0 1.4
109900.0 1.5
110000.0 1.1
110100.0 2.2
110200.0 1.8
110300.0 1.5
110400.0 1.9
110500.0 1.5
110600.0 1.7
110700.0 1.6
110800.0 1.4
110900.0 2.5
111000.0 2.5
111100.0 2.1
111200.0 2.2
111300.0 2.6
111400.0 2.6
111500.0 2.0
111600.0 1.8
111700.0 1.8
111800.0 1.8
111900.0 1.9
112000.0 1.8
112100.0 1.9
112200.0 2.8
112300.0 2.2
112400.0 2.0
112500.0 2.2
112600.0 1.8
112700.0 1.6
112800.0 1.8
112900.0 2.3
113000.0 1.2
113100.0 1.2
113200.0 1.4
113300.0 1.5
113400.0 1.6
113500.0 1.5
113600.0 1.4
113700.0 2.7
113800.0 1.9
113900.0 2.5
114000.0 1.5
114100.0 1.6
114200.0 1.9
114300.0 2.3
114400.0 1.9
114500.0 2.1
114600.0 2.1
114700.0 2.3
114800.0 1.0
114900.0 1.6
115000.0 1.5
115100.0 1.2
115200.0 1.5
115300.0 1.4
115400.0 1.4
115500.0 1.8
115600.0 1.4
115700.0 2.0
115800.0 2.1
115900.0 1.8
116000.0 1.5
116100.0 1.7
116200.0 1.8
116300.0 1.9
116400.0 2.2
116500.0 1.6
116600.0 1.7
116700.0 2.0
116800.0 2.3
116900.0 0.7
117000.0 1.2
117100.0 1.0
117200.0 1.0
117300.0 1.1
117400.0 1.5
117500.0 1.2
117600.0 0.7
117700.0 1.1
117800.0 1.6
117900.0 1.8
118000.0 1.7
118100.0 2.0
118200.0 1.7
118300.0 2.0
118400.0 2.0
118500.0 1.8
118600.0 2.4
118700.0 2.0
118800.0 1.7
118900.0 1.2
119000.0 1.8
119100.0 1.1
119200.0 1.5
119300.0 1.6
119400.0 1.7
119500.0 0.9
119600.0 0.8
119700.0 1.3
119800.0 1.4
119900.0 1.5
120000.0 1.8
120100.0 1.8
120200.0 1.3
120300.0 1.6
120400.0 1.3
120500.0 1.0
120600.0 1.3
120700.0 1.4
120800.0 1.6
120900.0 2.1
121000.0 1.5
121100.0 1.7
121200.0 1.1
121300.0 1.1
121400.0 0.7
121500.0 1.1
121600.0 1.3
121700.0 1.4
121800.0 1.3
121900.0 1.3
122000.0 1.2
122100.0 1.5
122200.0 2.3
122300.0 1.8
122400.0 1.9
122500.0 1.8
122600.0 1.3
122700.0 1.6
122800.0 1.1
122900.0 1.2
123000.0 1.1
123100.0 1.3
123200.0 1.7
123300.0 0.8
123400.0 1.6
123500.0 1.7
123600.0 1.7
123700.0 1.6
123800.0 1.6
123900.0 2.3
124000.0 1.4
124100.0 1.6
124200.0 1.4
124300.0 1.0
124400.0 0.9
124500.0 1.0
124600.0 1.1
124700.0 1.3
124800.0 1.4
124900.0 1.4
125000.0 1.3
125100.0 0.9
125200.0 1.5
125300.0 2.4
125400.0 1.8
125500.0 1.9
125600.0 2.1
125700.0 1.3
125800.0 1.1
125900.0 1.1
126000.0 1.1
126100.0 1.0
126200.0 1.0
126300.0 1.2
126400.0 1.4
126500.0 0.9
126600.0 0.9
126700.0 1.3
126800.0 0.9
126900.0 1.4
127000.0 1.0
127100.0 0.8
127200.0 0.8
127300.0 0.8
127400.0 1.2
127500.0 0.9
127600.0 1.1
127700.0 0.9
127800.0 1.0
127900.0 0.9
128000.0 1.0
128100.0 1.4
128200.0 1.4
128300.0 1.3
128400.0 1.3
128500.0 1.3
128600.0 1.6
128700.0 1.6
128800.0 1.4
128900.0 1.5
129000.0 1.4
129100.0 0.9
129200.0 0.7
129300.0 0.9
129400.0 0.9
129500.0 0.7
129600.0 0.7
129700.0 1.2
129800.0 1.3
129900.0 0.7
130000.0 1.8
130100.0 1.1
130200.0 1.0
130300.0 1.2
130400.0 1.3
130500.0 1.1
130600.0 1.0
130700.0 1.1
130800.0 1.1
130900.0 1.5
131000.0 1.1
131100.0 0.8
131200.0 1.2
131300.0 1.1
131400.0 1.5
131500.0 0.7
131600.0 0.5
131700.0 0.6
131800.0 0.7
131900.0 1.1
132000.0 1.0
132100.0 1.1
132200.0 1.8
132300.0 1.6
132400.0 1.8
132500.0 1.4
132600.0 0.7
132700.0 1.5
132800.0 1.0
132900.0 0.6
133000.0 1.0
133100.0 0.7
133200.0 0.6
133300.0 0.6
133400.0 0.4
133500.0 0.5
133600.0 0.9
133700.0 0.9
133800.0 1.4
133900.0 1.3
134000.0 1.4
134100.0 1.3
134200.0 1.2
134300.0 0.9
134400.0 1.2
134500.0 1.3
134600.0 0.9
134700.0 1.6
134800.0 0.9
134900.0 1.0
135000.0 0.8
135100.0 1.0
135200.0 1.0
135300.0 1.2
135400.0 0.9
135500.0 0.8
135600.0 0.9
135700.0 1.1
135800.0 1.1
135900.0 0.8
136000.0 0.9
136100.0 0.6
136200.0 1.1
136300.0 1.0
136400.0 0.5
136500.0 0.7
136600.0 0.2
136700.0 1.0
136800.0 0.8
136900.0 0.6
137000.0 0.9
137100.0 0.4
137200.0 1.1
137300.0 1.1
137400.0 0.6
137500.0 0.5
137600.0 0.8
137700.0 0.5
137800.0 0.3
137900.0 0.8
138000.0 0.4
138100.0 0.3
138200.0 0.7
138300.0 0.6
138400.0 1.1
138500.0 0.7
138600.0 0.7
138700.0 0.6
138800.0 1.0
138900.0 1.2
139000.0 1.0
139100.0 1.1
139200.0 0.9
139300.0 0.5
139400.0 0.6
139500.0 1.1
139600.0 0.8
139700.0 1.2
139800.0 0.9
139900.0 1.3
140000.0 1.5
140100.0 1.2
140200.0 0.7
140300.0 0.9
140400.0 0.4
140500.0 0.5
140600.0 0.9
140700.0 1.1
140800.0 0.7
140900.0 0.8
141000.0 1.0
141100.0 0.7
141200.0 0.7
141300.0 0.5
141400.0 0.2
141500.0 0.2
141600.0 0.2
141700.0 0.4
141800.0 1.0
141900.0 0.7
142000.0 0.8
142100.0 0.5
142200.0 1.0
142300.0 0.6
142400.0 0.4
142500.0 0.6
142600.0 0.3
142700.0 0.4
142800.0 0.8
142900.0 0.9
143000.0 0.8
143100.0 1.1
143200.0 1.3
143300.0 0.6
143400.0 0.8
143500.0 1.1
143600.0 1.1
143700.0 0.7
143800.0 0.8
143900.0 1.5
144000.0 0.8
144100.0 1.0
144200.0 0.7
144300.0 0.7
144400.0 1.2
144500.0 1.0
144600.0 0.7
144700.0 1.0
144800.0 0.7
144900.0 0.8
145000.0 1.3
145100.0 0.8
145200.0 0.6
145300.0 0.6
145400.0 0.6
145500.0 0.3
145600.0 0.5
145700.0 0.4
145800.0 0.5
145900.0 0.9
146000.0 1.3
146100.0 0.5
146200.0 1.2
146300.0 0.7
146400.0 0.9
146500.0 0.8
146600.0 1.0
146700.0 0.7
146800.0 0.3
146900.0 0.8
147000.0 0.8
147100.0 0.8
147200.0 0.7
147300.0 0.9
147400.0 1.1
147500.0 0.9
147600.0 0.3
147700.0 0.2
147800.0 0.3
147900.0 0.4
148000.0 0.5
148100.0 0.2
148200.0 0.3
148300.0 0.8
148400.0 0.5
148500.0 0.5
148600.0 0.9
148700.0 1.0
148800.0 0.7
148900.0 0.3
149000.0 0.6
149100.0 0.4
149200.0 0.3
149300.0 0.5
149400.0 0.2
149500.0 0.3
149600.0 0.5
149700.0 0.2
149800.0 1.0
149900.0 0.6
150000.0 0.6
150100.0 0.3
150200.0 0.4
150300.0 0.2
150400.0 0.5
150500.0 0.7
150600.0 0.7
150700.0 0.4
150800.0 0.5
150900.0 0.3
151000.0 0.2
151100.0 0.3
151200.0 0.3
151300.0 0.5
151400.0 0.9
151500.0 0.9
151600.0 0.6
151700.0 0.5
151800.0 0.5
151900.0 0.3
152000.0 0.1
152100.0 0.7
152200.0 0.5
152300.0 0.3
152400.0 0.6
152500.0 0.7
152600.0 0.4
152700.0 1.0
152800.0 0.6
152900.0 0.2
153000.0 0.4
153100.0 0.5
153200.0 0.4
153300.0 0.2
153400.0 0.3
153500.0 0.3
153600.0 0.4
153700.0 0.1
153800.0 0.8
153900.0 0.3
154000.0 0.6
154100.0 0.6
154200.0 0.6
154300.0 0.2
154400.0 0.6
154500.0 0.8
154600.0 0.2
154700.0 0.3
154800.0 0.2
154900.0 0.6
155000.0 0.3
155100.0 0.7
155200.0 0.3
155300.0 0.4
155400.0 0.4
155500.0 0.2
155600.0 0.5
155700.0 0.0
155800.0 0.4
155900.0 0.1
156000.0 0.2
156100.0 0.3
156200.0 0.5
156300.0 0.5
156400.0 0.5
156500.0 0.5
156600.0 0.2
156700.0 0.1
156800.0 0.8
156900.0 0.2
157000.0 0.7
157100.0 0.8
157200.0 1.2
157300.0 0.7
157400.0 1.0
157500.0 0.9
157600.0 0.7
157700.0 0.4
157800.0 0.4
157900.0 0.3
158000.0 0.3
158100.0 0.4
158200.0 0.4
158300.0 0.5
158400.0 0.6
158500.0 0.6
158600.0 0.5
158700.0 0.6
158800.0 0.8
158900.0 0.3
159000.0 0.5
159100.0 0.6
159200.0 0.8
159300.0 0.2
159400.0 0.1
159500.0 0.4
159600.0 0.7
159700.0 0.5
159800.0 0.3
159900.0 0.1
160000.0 0.4
160100.0 0.2
160200.0 0.3
160300.0 0.3
160400.0 0.3
160500.0 0.1
160600.0 0.1
160700.0 0.1
160800.0 0.2
160900.0 0.3
161000.0 0.3
161100.0 0.2
161200.0 0.2
161300.0 0.6
161400.0 0.3
161500.0 0.2
161600.0 0.2
161700.0 0.3
161800.0 0.4
161900.0 0.4
162000.0 0.4
162100.0 0.3
162200.0 0.2
162300.0 0.3
162400.0 0.4
162500.0 0.1
162600.0 0.1
162700.0 0.3
162800.0 0.1
162900.0 0.0
163000.0 0.1
163100.0 0.3
163200.0 0.4
163300.0 0.4
163400.0 0.2
163500.0 0.5
163600.0 0.3
163700.0 0.4
163800.0 0.4
163900.0 0.3
164000.0 0.4
164100.0 0.3
164200.0 0.3
164300.0 0.1
164400.0 0.1
164500.0 0.4
164600.0 0.3
164700.0 0.3
164800.0 0.4
164900.0 0.7
165000.0 0.1
165100.0 0.2
165200.0 0.2
165300.0 0.4
165400.0 0.3
165500.0 0.4
165600.0 0.2
165700.0 0.4
165800.0 0.0
165900.0 0.1
166000.0 0.1
166100.0 0.2
166200.0 0.2
166300.0 0.1
166400.0 0.2
166500.0 0.0
166600.0 0.5
166700.0 0.2
166800.0 0.0
166900.0 0.2
167000.0 0.3
167100.0 0.4
167200.0 0.2
167300.0 0.3
167400.0 0.4
167500.0 0.3
167600.0 0.5
167700.0 0.2
167800.0 0.5
167900.0 0.3
168000.0 0.5
168100.0 0.2
168200.0 0.2
168300.0 0.3
168400.0 0.0
168500.0 0.0
168600.0 0.1
168700.0 0.1
168800.0 0.0
168900.0 0.0
169000.0 0.1
169100.0 0.7
169200.0 0.1
169300.0 0.1
169400.0 0.1
169500.0 0.4
169600.0 0.4
169700.0 0.3
169800.0 0.4
169900.0 0.4
170000.0 0.2
170100.0 0.1
170200.0 0.0
170300.0 0.2
170400.0 0.2
170500.0 0.1
170600.0 0.2
170700.0 0.3
170800.0 0.1
170900.0 0.3
171000.0 0.2
171100.0 0.1
171200.0 0.1
171300.0 0.1
171400.0 0.1
171500.0 0.3
171600.0 0.2
171700.0 0.4
171800.0 0.0
171900.0 0.2
172000.0 0.2
172100.0 0.3
172200.0 0.2
172300.0 0.4
172400.0 0.3
172500.0 0.2
172600.0 0.4
172700.0 0.1
172800.0 0.2
172900.0 0.3
173000.0 0.5
173100.0 0.1
173200.0 0.2
173300.0 0.1
173400.0 0.0
173500.0 0.0
173600.0 0.1
173700.0 0.0
173800.0 0.0
173900.0 0.2
174000.0 0.0
174100.0 0.0
174200.0 0.2
174300.0 0.1
174400.0 0.1
174500.0 0.1
174600.0 0.3
174700.0 0.5
174800.0 0.1
174900.0 0.0
175000.0 0.1
175100.0 0.0
175200.0 0.1
175300.0 0.4
175400.0 0.1
175500.0 0.4
175600.0 0.0
175700.0 0.1
175800.0 0.1
175900.0 0.0
176000.0 0.2
176100.0 0.2
176200.0 0.1
176300.0 0.1
176400.0 0.2
176500.0 0.0
176600.0 0.1
176700.0 0.0
176800.0 0.1
176900.0 0.2
177000.0 0.3
177100.0 0.3
177200.0 0.1
177300.0 0.1
177400.0 0.3
177500.0 0.1
177600.0 0.1
177700.0 0.2
177800.0 0.1
177900.0 0.0
178000.0 0.1
178100.0 0.0
178200.0 0.2
178300.0 0.1
178400.0 0.1
178500.0 0.0
178600.0 0.1
178700.0 0.0
178800.0 0.3
178900.0 0.0
179000.0 0.0
179100.0 0.2
179200.0 0.0
179300.0 0.3
179400.0 0.2
179500.0 0.2
179600.0 0.1
179700.0 0.0
179800.0 0.0
179900.0 0.1
180000.0 0.1
180100.0 0.0
180200.0 0.1
180300.0 0.1
180400.0 0.1
180500.0 0.3
180600.0 0.0
180700.0 0.0
180800.0 0.1
180900.0 0.1
181000.0 0.2
181100.0 0.2
181200.0 0.3
181300.0 0.1
181400.0 0.4
181500.0 0.3
181600.0 0.2
181700.0 0.2
181800.0 0.2
181900.0 0.1
182000.0 0.2
182100.0 0.1
182200.0 0.1
182300.0 0.2
182400.0 0.0
182500.0 0.1
182600.0 0.0
182700.0 0.1
182800.0 0.1
182900.0 0.0
183000.0 0.0
183100.0 0.2
183200.0 0.0
183300.0 0.0
183400.0 0.1
183500.0 0.0
183600.0 0.0
183700.0 0.0
183800.0 0.0
183900.0 0.0
184000.0 0.1
184100.0 0.1
184200.0 0.1
184300.0 0.1
184400.0 0.0
184500.0 0.1
184600.0 0.1
184700.0 0.0
184800.0 0.2
184900.0 0.0
185000.0 0.1
185100.0 0.0
185200.0 0.0
185300.0 0.0
185400.0 0.1
185500.0 0.1
185600.0 0.1
185700.0 0.1
185800.0 0.0
185900.0 0.1
186000.0 0.1
186100.0 0.0
186200.0 0.1
186300.0 0.1
186400.0 0.1
186500.0 0.1
186600.0 0.0
186700.0 0.1
186800.0 0.0
186900.0 0.0
187000.0 0.1
187100.0 0.0
187200.0 0.0
187300.0 0.1
187400.0 0.0
187500.0 0.1
187600.0 0.4
187700.0 0.3
187800.0 0.2
187900.0 0.0
188000.0 0.1
188100.0 0.2
188200.0 0.2
188300.0 0.1
188400.0 0.1
188500.0 0.0
188600.0 0.1
188700.0 0.0
188800.0 0.0
188900.0 0.0
189000.0 0.0
189100.0 0.1
189200.0 0.3
189300.0 0.3
189400.0 0.1
189500.0 0.2
189600.0 0.2
189700.0 0.0
189800.0 0.1
189900.0 0.2
190000.0 0.1
190100.0 0.1
190200.0 0.0
190300.0 0.2
190400.0 0.2
190500.0 0.0
190600.0 0.0
190700.0 0.1
190800.0 0.0
190900.0 0.1
191000.0 0.1
191100.0 0.2
191200.0 0.2
191300.0 0.1
191400.0 0.1
191500.0 0.1
191600.0 0.1
191700.0 0.1
191800.0 0.1
191900.0 0.1
192000.0 0.0
192100.0 0.1
192200.0 0.2
192300.0 0.0
192400.0 0.1
192500.0 0.0
192600.0 0.0
192700.0 0.1
192800.0 0.1
192900.0 0.2
193000.0 0.0
193100.0 0.1
193200.0 0.0
193300.0 0.0
193400.0 0.0
193500.0 0.0
193600.0 0.0
193700.0 0.2
193800.0 0.1
193900.0 0.3
194000.0 0.3
194100.0 0.1
194200.0 0.0
194300.0 0.0
194400.0 0.0
194500.0 0.1
194600.0 0.0
194700.0 0.0
194800.0 0.1
194900.0 0.0
195000.0 0.0
195100.0 0.1
195200.0 0.1
195300.0 0.1
195400.0 0.1
195500.0 0.1
195600.0 0.3
195700.0 0.0
195800.0 0.0
195900.0 0.0
196000.0 0.1
196100.0 0.0
196200.0 0.0
196300.0 0.0
196400.0 0.1
196500.0 0.0
196600.0 0.0
196700.0 0.0
196800.0 0.0
196900.0 0.0
197000.0 0.0
197100.0 0.0
197200.0 0.0
197300.0 0.1
197400.0 0.0
197500.0 0.0
197600.0 0.0
197700.0 0.0
197800.0 0.0
197900.0 0.0
198000.0 0.0
198100.0 0.1
198200.0 0.0
198300.0 0.0
198400.0 0.0
198500.0 0.0
198600.0 0.0
198700.0 0.0
198800.0 0.0
198900.0 0.1
199000.0 0.0
199100.0 0.0
199200.0 0.1
199300.0 0.0
199400.0 0.0
199500.0 0.0
199600.0 0.0
199700.0 0.0
199800.0 0.1
199900.0 0.0
200000.0 0.0
200100.0 0.0
200200.0 0.0
200300.0 0.0
200400.0 0.2
200500.0 0.0
200600.0 0.0
200700.0 0.0
200800.0 0.0
200900.0 0.0
201000.0 0.0
201100.0 0.0
201200.0 0.0
201300.0 0.1
201400.0 0.0
201500.0 0.0
201600.0 0.0
201700.0 0.0
201800.0 0.0
201900.0 0.1
202000.0 0.0
202100.0 0.0
202200.0 0.0
202300.0 0.0
202400.0 0.1
202500.0 0.1
202600.0 0.0
202700.0 0.0
202800.0 0.0
202900.0 0.0
203000.0 0.0
203100.0 0.1
203200.0 0.1
203300.0 0.0
203400.0 0.2
203500.0 0.2
203600.0 0.0
203700.0 0.0
203800.0 0.0
203900.0 0.0
204000.0 0.0
204100.0 0.0
204200.0 0.0
204300.0 0.0
204400.0 0.0
204500.0 0.0
204600.0 0.0
204700.0 0.0
204800.0 0.1
204900.0 0.0
205000.0 0.1
205100.0 0.0
205200.0 0.0
205300.0 0.0
205400.0 0.0
205500.0 0.0
205600.0 0.0
205700.0 0.1
205800.0 0.0
205900.0 0.0
206000.0 0.0
206100.0 0.0
206200.0 0.0
206300.0 0.0
206400.0 0.0
206500.0 0.1
206600.0 0.0
206700.0 0.0
206800.0 0.0
206900.0 0.0
207000.0 0.0
207100.0 0.0
207200.0 0.0
207300.0 0.0
207400.0 0.0
207500.0 0.0
207600.0 0.0
207700.0 0.0
207800.0 0.1
207900.0 0.0
208000.0 0.0
208100.0 0.0
208200.0 0.0
208300.0 0.0
208400.0 0.0
208500.0 0.0
208600.0 0.0
208700.0 0.0
208800.0 0.0
208900.0 0.0
209000.0 0.0
209100.0 0.0
209200.0 0.0
209300.0 0.0
209400.0 0.0
209500.0 0.0
209600.0 0.0
209700.0 0.0
209800.0 0.0
209900.0 0.0
210000.0 0.0
210100.0 0.1
210200.0 0.1
210300.0 0.0
210400.0 0.0
210500.0 0.0
210600.0 0.0
210700.0 0.1
210800.0 0.0
210900.0 0.0
211000.0 0.0
211100.0 0.1
211200.0 0.0
211300.0 0.0
211400.0 0.0
211500.0 0.0
211600.0 0.0
211700.0 0.0
211800.0 0.0
211900.0 0.0
212000.0 0.0
212100.0 0.0
212200.0 0.0
212300.0 0.0
212400.0 0.0
212500.0 0.0
212600.0 0.0
212700.0 0.0
212800.0 0.1
212900.0 0.0
213000.0 0.0
213100.0 0.0
213200.0 0.0
213300.0 0.0
213400.0 0.0
213500.0 0.0
213600.0 0.0
213700.0 0.0
213800.0 0.0
213900.0 0.0
214000.0 0.0
214100.0 0.0
214200.0 0.0
214300.0 0.0
214400.0 0.0
214500.0 0.0
214600.0 0.0
214700.0 0.0
214800.0 0.0
214900.0 0.0
215000.0 0.0
215100.0 0.0
215200.0 0.0
215300.0 0.0
215400.0 0.0
215500.0 0.0
215600.0 0.0
215700.0 0.0
215800.0 0.0
215900.0 0.0
216000.0 0.0
216100.0 0.0
216200.0 0.0
216300.0 0.0
216400.0 0.0
216500.0 0.0
216600.0 0.0
216700.0 0.0
216800.0 0.0
216900.0 0.0
217000.0 0.0
217100.0 0.0
217200.0 0.0
217300.0 0.0
217400.0 0.0
217500.0 0.0
217600.0 0.0
217700.0 0.0
217800.0 0.0
217900.0 0.0
218000.0 0.0
218100.0 0.0
218200.0 0.0
218300.0 0.0
218400.0 0.0
218500.0 0.0
218600.0 0.0
218700.0 0.0
218800.0 0.0
218900.0 0.0
219000.0 0.0
219100.0 0.0
219200.0 0.0
219300.0 0.0
219400.0 0.0
219500.0 0.0
219600.0 0.0
219700.0 0.0
219800.0 0.0
219900.0 0.0
220000.0 0.0
220100.0 0.0
220200.0 0.0
220300.0 0.0
220400.0 0.0
220500.0 0.0
220600.0 0.0
220700.0 0.0
220800.0 0.0
220900.0 0.0
221000.0 0.0
221100.0 0.0
221200.0 0.0
221300.0 0.0
221400.0 0.0
221500.0 0.0
221600.0 0.0
221700.0 0.0
221800.0 0.0
221900.0 0.0
222000.0 0.0
222100.0 0.0
222200.0 0.0
222300.0 0.0
222400.0 0.1
222500.0 0.0
222600.0 0.0
222700.0 0.0
222800.0 0.0
222900.0 0.0
223000.0 0.0
223100.0 0.0
223200.0 0.0
223300.0 0.0
223400.0 0.0
223500.0 0.0
223600.0 0.0
223700.0 0.0
223800.0 0.0
223900.0 0.0
224000.0 0.0
224100.0 0.0
224200.0 0.0
224300.0 0.0
224400.0 0.0
224500.0 0.0
224600.0 0.0
224700.0 0.0
224800.0 0.0
224900.0 0.0
225000.0 0.0
225100.0 0.0
225200.0 0.0
225300.0 0.0
225400.0 0.0
225500.0 0.0
225600.0 0.0
225700.0 0.0
225800.0 0.1
225900.0 0.1
226000.0 0.1
226100.0 0.1
226200.0 0.0
226300.0 0.0
226400.0 0.0
226500.0 0.0
226600.0 0.0
226700.0 0.0
226800.0 0.0
226900.0 0.0
227000.0 0.0
227100.0 0.0
227200.0 0.0
227300.0 0.0
227400.0 0.0
227500.0 0.0
227600.0 0.0
227700.0 0.0
227800.0 0.0
227900.0 0.0
228000.0 0.0
228100.0 0.0
228200.0 0.0
228300.0 0.0
228400.0 0.0
228500.0 0.1
228600.0 0.0
228700.0 0.0
228800.0 0.0
228900.0 0.0
229000.0 0.0
229100.0 0.0
229200.0 0.0
229300.0 0.0
229400.0 0.0
229500.0 0.0
229600.0 0.0
229700.0 0.0
229800.0 0.0
229900.0 0.0
230000.0 0.0
230100.0 0.0
230200.0 0.0
230300.0 0.0
230400.0 0.0
230500.0 0.0
230600.0 0.0
230700.0 0.0
230800.0 0.0
230900.0 0.0
231000.0 0.0
231100.0 0.0
231200.0 0.0
231300.0 0.0
231400.0 0.0
231500.0 0.0
231600.0 0.1
231700.0 0.0
231800.0 0.0
231900.0 0.0
232000.0 0.0
232100.0 0.0
232200.0 0.0
232300.0 0.0
232400.0 0.0
232500.0 0.0
232600.0 0.0
232700.0 0.0
232800.0 0.0
232900.0 0.0
233000.0 0.0
233100.0 0.0
233200.0 0.0
233300.0 0.0
233400.0 0.0
233500.0 0.0
233600.0 0.0
233700.0 0.0
233800.0 0.0
233900.0 0.0
234000.0 0.0
234100.0 0.0
234200.0 0.0
234300.0 0.0
234400.0 0.0
234500.0 0.0
234600.0 0.0
234700.0 0.0
234800.0 0.0
234900.0 0.0
235000.0 0.0
235100.0 0.0
235200.0 0.0
235300.0 0.0
235400.0 0.0
235500.0 0.0
235600.0 0.0
235700.0 0.0
235800.0 0.0
235900.0 0.0
236000.0 0.0
236100.0 0.0
236200.0 0.0
236300.0 0.0
236400.0 0.0
236500.0 0.0
236600.0 0.0
236700.0 0.0
236800.0 0.0
236900.0 0.0
237000.0 0.0
237100.0 0.0
237200.0 0.0
237300.0 0.0
237400.0 0.0
237500.0 0.0
237600.0 0.0
237700.0 0.0
237800.0 0.0
237900.0 0.0
238000.0 0.0
238100.0 0.0
238200.0 0.0
238300.0 0.0
238400.0 0.0
238500.0 0.0
238600.0 0.0
238700.0 0.0
238800.0 0.0
238900.0 0.0
239000.0 0.0
239100.0 0.0
239200.0 0.0
239300.0 0.0
239400.0 0.0
239500.0 0.0
239600.0 0.0
239700.0 0.0
239800.0 0.0
239900.0 0.0
240000.0 0.0
240100.0 0.0
240200.0 0.0
240300.0 0.0
240400.0 0.0
240500.0 0.0
240600.0 0.0
240700.0 0.0
240800.0 0.0
240900.0 0.0
241000.0 0.0
241100.0 0.0
241200.0 0.0
241300.0 0.0
241400.0 0.0
241500.0 0.0
241600.0 0.0
241700.0 0.1
241800.0 0.0
241900.0 0.0
242000.0 0.0
242100.0 0.0
242200.0 0.0
242300.0 0.0
242400.0 0.0
242500.0 0.0
242600.0 0.0
242700.0 0.0
242800.0 0.0
242900.0 0.0
243000.0 0.0
243100.0 0.0
243200.0 0.0
243300.0 0.0
243400.0 0.0
243500.0 0.0
243600.0 0.0
243700.0 0.0
243800.0 0.0
243900.0 0.0
244000.0 0.0
244100.0 0.0
244200.0 0.0
244300.0 0.0
244400.0 0.0
244500.0 0.0
244600.0 0.0
244700.0 0.0
244800.0 0.0
244900.0 0.0
245000.0 0.0
245100.0 0.0
245200.0 0.0
245300.0 0.0
245400.0 0.0
245500.0 0.0
245600.0 0.0
245700.0 0.0
245800.0 0.0
245900.0 0.0
246000.0 0.0
246100.0 0.0
246200.0 0.0
246300.0 0.0
246400.0 0.0
246500.0 0.0
246600.0 0.0
246700.0 0.0
246800.0 0.0
246900.0 0.0
247000.0 0.0
247100.0 0.0
247200.0 0.0
247300.0 0.0
247400.0 0.0
247500.0 0.0
247600.0 0.0
247700.0 0.0
247800.0 0.0
247900.0 0.0
248000.0 0.0
248100.0 0.0
248200.0 0.0
248300.0 0.0
248400.0 0.0
248500.0 0.0
248600.0 0.0
248700.0 0.0
248800.0 0.0
248900.0 0.0
249000.0 0.0
249100.0 0.0
249200.0 0.0
249300.0 0.0
249400.0 0.0
249500.0 0.0
249600.0 0.0
249700.0 0.0
249800.0 0.0
249900.0 0.0
250000.0 0.0
250100.0 0.0
250200.0 0.0
250300.0 0.0
250400.0 0.0
250500.0 0.0
250600.0 0.0
250700.0 0.0
250800.0 0.0
250900.0 0.0
251000.0 0.0
251100.0 0.0
251200.0 0.0
251300.0 0.0
251400.0 0.0
251500.0 0.0
251600.0 0.0
251700.0 0.0
251800.0 0.0
251900.0 0.0
252000.0 0.0
252100.0 0.0
252200.0 0.0
252300.0 0.0
252400.0 0.0
252500.0 0.0
252600.0 0.0
252700.0 0.0
252800.0 0.0
252900.0 0.0
253000.0 0.0
253100.0 0.0
253200.0 0.0
253300.0 0.0
253400.0 0.0
253500.0 0.0
253600.0 0.0
253700.0 0.0
253800.0 0.0
253900.0 0.0
254000.0 0.0
254100.0 0.0
254200.0 0.0
254300.0 0.0
254400.0 0.0
254500.0 0.0
254600.0 0.0
254700.0 0.0
254800.0 0.0
254900.0 0.0
255000.0 0.0
255100.0 0.0
255200.0 0.0
255300.0 0.0
255400.0 0.0
255500.0 0.0
255600.0 0.0
255700.0 0.0
255800.0 0.0
255900.0 0.0
256000.0 0.0
256100.0 0.0
256200.0 0.0
256300.0 0.0
256400.0 0.0
256500.0 0.0
256600.0 0.0
256700.0 0.0
256800.0 0.0
256900.0 0.0
257000.0 0.0
257100.0 0.0
257200.0 0.0
257300.0 0.0
257400.0 0.0
257500.0 0.0
257600.0 0.0
257700.0 0.0
257800.0 0.0
257900.0 0.0
258000.0 0.0
258100.0 0.0
258200.0 0.0
258300.0 0.0
258400.0 0.0
258500.0 0.0
258600.0 0.0
258700.0 0.0
258800.0 0.0
258900.0 0.0
259000.0 0.0
259100.0 0.0
259200.0 0.0
259300.0 0.0
259400.0 0.0
259500.0 0.0
259600.0 0.0
259700.0 0.0
259800.0 0.0
259900.0 0.0
260000.0 0.0
260100.0 0.0
260200.0 0.0
260300.0 0.0
260400.0 0.0
260500.0 0.0
260600.0 0.0
260700.0 0.0
260800.0 0.0
260900.0 0.0
261000.0 0.0
261100.0 0.0
261200.0 0.0
261300.0 0.0
261400.0 0.0
261500.0 0.0
261600.0 0.0
261700.0 0.0
261800.0 0.0
261900.0 0.0
262000.0 0.0
262100.0 0.0
262200.0 0.0
262300.0 0.0
262400.0 0.0
262500.0 0.0
262600.0 0.0
262700.0 0.0
262800.0 0.0
262900.0 0.0
263000.0 0.0
263100.0 0.0
263200.0 0.0
263300.0 0.0
263400.0 0.0
263500.0 0.0
263600.0 0.0
263700.0 0.0
263800.0 0.0
263900.0 0.0
264000.0 0.0
264100.0 0.0
264200.0 0.0
264300.0 0.0
264400.0 0.0
264500.0 0.0
264600.0 0.0
264700.0 0.0
264800.0 0.0
264900.0 0.0
265000.0 0.0
265100.0 0.0
265200.0 0.1
265300.0 0.0
265400.0 0.0
265500.0 0.0
265600.0 0.0
265700.0 0.0
265800.0 0.0
265900.0 0.0
266000.0 0.0
266100.0 0.0
266200.0 0.0
266300.0 0.0
266400.0 0.0
266500.0 0.0
266600.0 0.0
266700.0 0.0
266800.0 0.0
266900.0 0.0
267000.0 0.0
267100.0 0.0
267200.0 0.0
267300.0 0.0
267400.0 0.0
267500.0 0.0
267600.0 0.0
267700.0 0.0
267800.0 0.0
267900.0 0.0
268000.0 0.0
268100.0 0.0
268200.0 0.0
268300.0 0.0
268400.0 0.0
268500.0 0.0
268600.0 0.0
268700.0 0.0
268800.0 0.0
268900.0 0.0
269000.0 0.0
269100.0 0.0
269200.0 0.0
269300.0 0.0
269400.0 0.0
269500.0 0.0
269600.0 0.0
269700.0 0.0
269800.0 0.0
269900.0 0.0
270000.0 0.0
270100.0 0.0
270200.0 0.0
270300.0 0.0
270400.0 0.0
270500.0 0.0
270600.0 0.0
270700.0 0.0
270800.0 0.0
270900.0 0.0
271000.0 0.0
271100.0 0.0
271200.0 0.0
271300.0 0.0
271400.0 0.0
271500.0 0.0
271600.0 0.0
271700.0 0.0
271800.0 0.0
271900.0 0.0
272000.0 0.0
272100.0 0.0
272200.0 0.0
272300.0 0.0
272400.0 0.0
272500.0 0.0
272600.0 0.0
272700.0 0.0
272800.0 0.0
272900.0 0.0
273000.0 0.0
273100.0 0.0
273200.0 0.0
273300.0 0.0
273400.0 0.0
273500.0 0.0
273600.0 0.0
273700.0 0.0
273800.0 0.0
273900.0 0.0
274000.0 0.0
274100.0 0.0
274200.0 0.0
274300.0 0.0
274400.0 0.0
274500.0 0.0
274600.0 0.0
274700.0 0.0
274800.0 0.0
274900.0 0.0
275000.0 0.0
275100.0 0.0
275200.0 0.0
275300.0 0.0
275400.0 0.0
275500.0 0.0
275600.0 0.0
275700.0 0.0
275800.0 0.0
275900.0 0.0
276000.0 0.0
276100.0 0.0
276200.0 0.0
276300.0 0.0
276400.0 0.0
276500.0 0.0
276600.0 0.0
276700.0 0.0
276800.0 0.0
276900.0 0.0
277000.0 0.0
277100.0 0.0
277200.0 0.0
277300.0 0.0
277400.0 0.0
277500.0 0.0
277600.0 0.0
277700.0 0.0
277800.0 0.0
277900.0 0.0
278000.0 0.0
278100.0 0.0
278200.0 0.0
278300.0 0.0
278400.0 0.0
278500.0 0.0
278600.0 0.0
278700.0 0.0
278800.0 0.0
278900.0 0.0
279000.0 0.0
279100.0 0.0
279200.0 0.0
279300.0 0.0
279400.0 0.0
279500.0 0.0
279600.0 0.0
279700.0 0.0
279800.0 0.0
279900.0 0.0
280000.0 0.0
280100.0 0.0
280200.0 0.0
280300.0 0.0
280400.0 0.0
280500.0 0.0
280600.0 0.0
280700.0 0.0
280800.0 0.0
280900.0 0.0
281000.0 0.0
281100.0 0.0
281200.0 0.0
281300.0 0.0
281400.0 0.0
281500.0 0.0
281600.0 0.0
281700.0 0.0
281800.0 0.0
281900.0 0.0
282000.0 0.0
282100.0 0.0
282200.0 0.0
282300.0 0.0
282400.0 0.0
282500.0 0.0
282600.0 0.0
282700.0 0.0
282800.0 0.0
282900.0 0.0
283000.0 0.0
283100.0 0.0
283200.0 0.0
283300.0 0.0
283400.0 0.0
283500.0 0.0
283600.0 0.0
283700.0 0.0
283800.0 0.0
283900.0 0.0
284000.0 0.0
284100.0 0.0
284200.0 0.0
284300.0 0.0
284400.0 0.0
284500.0 0.0
284600.0 0.0
284700.0 0.0
284800.0 0.0
284900.0 0.0
285000.0 0.0
285100.0 0.0
285200.0 0.0
285300.0 0.0
285400.0 0.0
285500.0 0.0
285600.0 0.0
285700.0 0.0
285800.0 0.0
285900.0 0.0
286000.0 0.0
286100.0 0.0
286200.0 0.0
286300.0 0.0
286400.0 0.0
286500.0 0.0
286600.0 0.0
286700.0 0.0
286800.0 0.0
286900.0 0.0
287000.0 0.0
287100.0 0.0
287200.0 0.0
287300.0 0.0
287400.0 0.0
287500.0 0.0
287600.0 0.0
287700.0 0.0
287800.0 0.0
287900.0 0.0
288000.0 0.0
288100.0 0.0
288200.0 0.0
288300.0 0.0
288400.0 0.0
288500.0 0.0
288600.0 0.0
288700.0 0.0
288800.0 0.0
288900.0 0.0
289000.0 0.0
289100.0 0.0
289200.0 0.0
289300.0 0.0
289400.0 0.0
289500.0 0.0
289600.0 0.0
289700.0 0.0
289800.0 0.0
289900.0 0.0
290000.0 0.0
290100.0 0.0
290200.0 0.0
290300.0 0.0
290400.0 0.0
290500.0 0.0
290600.0 0.0
290700.0 0.0
290800.0 0.0
290900.0 0.0
291000.0 0.0
291100.0 0.0
291200.0 0.0
291300.0 0.0
291400.0 0.0
291500.0 0.0
291600.0 0.0
291700.0 0.0
291800.0 0.0
291900.0 0.0
292000.0 0.0
292100.0 0.0
292200.0 0.0
292300.0 0.0
292400.0 0.0
292500.0 0.0
292600.0 0.0
292700.0 0.0
292800.0 0.0
292900.0 0.0
293000.0 0.0
293100.0 0.0
293200.0 0.0
293300.0 0.0
293400.0 0.0
293500.0 0.0
293600.0 0.0
293700.0 0.0
293800.0 0.0
293900.0 0.0
294000.0 0.0
294100.0 0.0
294200.0 0.0
294300.0 0.0
294400.0 0.0
294500.0 0.0
294600.0 0.0
294700.0 0.0
294800.0 0.0
294900.0 0.0
295000.0 0.0
295100.0 0.0
295200.0 0.0
295300.0 0.0
295400.0 0.0
295500.0 0.0
295600.0 0.0
295700.0 0.0
295800.0 0.0
295900.0 0.0
296000.0 0.0
296100.0 0.0
296200.0 0.0
296300.0 0.0
296400.0 0.0
296500.0 0.0
296600.0 0.0
296700.0 0.0
296800.0 0.0
296900.0 0.0
297000.0 0.0
297100.0 0.0
297200.0 0.0
297300.0 0.0
297400.0 0.0
297500.0 0.0
297600.0 0.0
297700.0 0.0
297800.0 0.0
297900.0 0.0
298000.0 0.0
298100.0 0.0
298200.0 0.0
298300.0 0.0
298400.0 0.0
298500.0 0.0
298600.0 0.0
298700.0 0.0
298800.0 0.0
298900.0 0.0
299000.0 0.0
299100.0 0.0
299200.0 0.0
299300.0 0.0
299400.0 0.0
299500.0 0.0
299600.0 0.0
299700.0 0.0
299800.0 0.0
299900.0 0.0
300000.0 0.0
300100.0 0.0
300200.0 0.0
300300.0 0.0
300400.0 0.0
300500.0 0.0
300600.0 0.0
300700.0 0.0
300800.0 0.0
300900.0 0.0
301000.0 0.0
301100.0 0.0
301200.0 0.0
301300.0 0.0
301400.0 0.0
301500.0 0.0
301600.0 0.0
301700.0 0.0
301800.0 0.0
301900.0 0.0
302000.0 0.0
302100.0 0.0
302200.0 0.0
302300.0 0.0
302400.0 0.0
302500.0 0.0
302600.0 0.0
302700.0 0.0
302800.0 0.0
302900.0 0.0
303000.0 0.0
303100.0 0.0
303200.0 0.0
303300.0 0.0
303400.0 0.0
303500.0 0.0
303600.0 0.0
303700.0 0.0
303800.0 0.0
303900.0 0.0
304000.0 0.0
304100.0 0.0
304200.0 0.0
304300.0 0.0
304400.0 0.0
304500.0 0.0
304600.0 0.0
304700.0 0.0
304800.0 0.0
304900.0 0.0
305000.0 0.0
305100.0 0.0
305200.0 0.0
305300.0 0.0
305400.0 0.0
305500.0 0.0
305600.0 0.0
305700.0 0.0
305800.0 0.0
305900.0 0.0
306000.0 0.0
306100.0 0.0
306200.0 0.0
306300.0 0.0
306400.0 0.0
306500.0 0.0
306600.0 0.0
306700.0 0.0
306800.0 0.0
306900.0 0.0
307000.0 0.0
307100.0 0.0
307200.0 0.0
307300.0 0.0
307400.0 0.0
307500.0 0.0
307600.0 0.0
307700.0 0.0
307800.0 0.0
307900.0 0.0
308000.0 0.0
308100.0 0.0
308200.0 0.0
308300.0 0.0
308400.0 0.0
308500.0 0.0
308600.0 0.0
308700.0 0.0
308800.0 0.0
308900.0 0.0
309000.0 0.0
309100.0 0.0
309200.0 0.0
309300.0 0.0
309400.0 0.0
309500.0 0.0
309600.0 0.0
309700.0 0.0
309800.0 0.0
309900.0 0.0
310000.0 0.0
310100.0 0.0
310200.0 0.0
310300.0 0.0
310400.0 0.0
310500.0 0.0
310600.0 0.0
310700.0 0.0
310800.0 0.0
310900.0 0.0
311000.0 0.0
311100.0 0.0
311200.0 0.0
311300.0 0.0
311400.0 0.0
311500.0 0.0
311600.0 0.0
311700.0 0.0
311800.0 0.0
311900.0 0.0
312000.0 0.0
312100.0 0.0
312200.0 0.0
312300.0 0.0
312400.0 0.0
312500.0 0.0
312600.0 0.0
312700.0 0.0
312800.0 0.0
312900.0 0.0
313000.0 0.0
313100.0 0.0
313200.0 0.0
313300.0 0.0
313400.0 0.0
313500.0 0.0
313600.0 0.0
313700.0 0.0
313800.0 0.0
313900.0 0.0
314000.0 0.0
314100.0 0.0
314200.0 0.0
314300.0 0.0
314400.0 0.0
314500.0 0.0
314600.0 0.0
314700.0 0.0
314800.0 0.0
314900.0 0.0
315000.0 0.0
315100.0 0.0
315200.0 0.0
315300.0 0.0
315400.0 0.0
315500.0 0.0
315600.0 0.0
315700.0 0.0
315800.0 0.0
315900.0 0.0
316000.0 0.0
316100.0 0.0
316200.0 0.0
316300.0 0.0
316400.0 0.0
316500.0 0.0
316600.0 0.0
316700.0 0.0
316800.0 0.0
316900.0 0.0
317000.0 0.0
317100.0 0.0
317200.0 0.0
317300.0 0.0
317400.0 0.0
317500.0 0.0
317600.0 0.0
317700.0 0.0
317800.0 0.0
317900.0 0.0
318000.0 0.0
318100.0 0.0
318200.0 0.0
318300.0 0.0
318400.0 0.0
318500.0 0.0
318600.0 0.0
318700.0 0.0
318800.0 0.0
318900.0 0.0
319000.0 0.0
319100.0 0.0
319200.0 0.0
319300.0 0.0
319400.0 0.0
319500.0 0.0
319600.0 0.0
319700.0 0.0
319800.0 0.0
319900.0 0.0
320000.0 0.0
320100.0 0.0
320200.0 0.0
320300.0 0.0
320400.0 0.0
320500.0 0.0
320600.0 0.0
320700.0 0.0
320800.0 0.0
320900.0 0.0
321000.0 0.0
321100.0 0.0
321200.0 0.0
321300.0 0.0
321400.0 0.0
321500.0 0.0
321600.0 0.0
321700.0 0.0
321800.0 0.0
321900.0 0.0
322000.0 0.0
322100.0 0.0
322200.0 0.0
322300.0 0.0
322400.0 0.0
322500.0 0.0
322600.0 0.0
322700.0 0.0
322800.0 0.0
322900.0 0.0
323000.0 0.0
323100.0 0.0
323200.0 0.0
323300.0 0.0
323400.0 0.0
323500.0 0.0
323600.0 0.0
323700.0 0.0
323800.0 0.0
323900.0 0.0
324000.0 0.0
324100.0 0.0
324200.0 0.0
324300.0 0.0
324400.0 0.0
324500.0 0.0
324600.0 0.0
324700.0 0.0
324800.0 0.0
324900.0 0.0
325000.0 0.0
325100.0 0.0
325200.0 0.0
325300.0 0.0
325400.0 0.0
325500.0 0.0
325600.0 0.0
325700.0 0.0
325800.0 0.0
325900.0 0.0
326000.0 0.0
326100.0 0.0
326200.0 0.0
326300.0 0.0
326400.0 0.0
326500.0 0.0
326600.0 0.0
326700.0 0.0
326800.0 0.0
326900.0 0.0
327000.0 0.0
327100.0 0.0
327200.0 0.0
327300.0 0.0
327400.0 0.0
327500.0 0.0
327600.0 0.0
327700.0 0.0
327800.0 0.0
327900.0 0.0
328000.0 0.0
328100.0 0.0
328200.0 0.0
328300.0 0.0
328400.0 0.0
328500.0 0.0
328600.0 0.0
328700.0 0.0
328800.0 0.0
328900.0 0.0
329000.0 0.0
329100.0 0.0
329200.0 0.0
329300.0 0.0
329400.0 0.0
329500.0 0.0
329600.0 0.0
329700.0 0.0
329800.0 0.0
329900.0 0.0
330000.0 0.0
330100.0 0.0
330200.0 0.0
330300.0 0.0
330400.0 0.0
330500.0 0.0
330600.0 0.0
330700.0 0.0
330800.0 0.0
330900.0 0.0
331000.0 0.0
331100.0 0.0
331200.0 0.0
331300.0 0.0
331400.0 0.0
331500.0 0.0
331600.0 0.0
331700.0 0.0
331800.0 0.0
331900.0 0.0
332000.0 0.0
332100.0 0.0
332200.0 0.0
332300.0 0.0
332400.0 0.0
332500.0 0.0
332600.0 0.0
332700.0 0.0
332800.0 0.0
332900.0 0.0
333000.0 0.0
333100.0 0.0
333200.0 0.0
333300.0 0.0
333400.0 0.0
333500.0 0.0
333600.0 0.0
333700.0 0.0
333800.0 0.0
333900.0 0.0
334000.0 0.0
334100.0 0.0
334200.0 0.0
334300.0 0.0
334400.0 0.0
334500.0 0.0
334600.0 0.0
334700.0 0.0
334800.0 0.0
334900.0 0.0
335000.0 0.0
335100.0 0.0
335200.0 0.0
335300.0 0.0
335400.0 0.0
335500.0 0.0
335600.0 0.0
335700.0 0.0
335800.0 0.0
335900.0 0.0
336000.0 0.0
336100.0 0.0
336200.0 0.0
336300.0 0.0
336400.0 0.0
336500.0 0.0
336600.0 0.0
336700.0 0.0
336800.0 0.0
336900.0 0.0
337000.0 0.0
337100.0 0.0
337200.0 0.0
337300.0 0.0
337400.0 0.0
337500.0 0.0
337600.0 0.0
337700.0 0.0
337800.0 0.0
337900.0 0.0
338000.0 0.0
338100.0 0.0
338200.0 0.0
338300.0 0.0
338400.0 0.0
338500.0 0.0
338600.0 0.0
338700.0 0.0
338800.0 0.0
338900.0 0.0
339000.0 0.0
339100.0 0.0
339200.0 0.0
339300.0 0.0
339400.0 0.0
339500.0 0.0
339600.0 0.0
339700.0 0.0
339800.0 0.0
339900.0 0.0
340000.0 0.0
340100.0 0.0
340200.0 0.0
340300.0 0.0
340400.0 0.0
340500.0 0.0
340600.0 0.0
340700.0 0.0
340800.0 0.0
340900.0 0.0
341000.0 0.0
341100.0 0.0
341200.0 0.0
341300.0 0.0
341400.0 0.0
341500.0 0.0
341600.0 0.0
341700.0 0.0
341800.0 0.0
341900.0 0.0
342000.0 0.0
342100.0 0.0
342200.0 0.0
342300.0 0.0
342400.0 0.0
342500.0 0.0
342600.0 0.0
342700.0 0.0
342800.0 0.0
342900.0 0.0
343000.0 0.0
343100.0 0.0
343200.0 0.0
343300.0 0.0
343400.0 0.0
343500.0 0.0
343600.0 0.0
343700.0 0.0
343800.0 0.0
343900.0 0.0
344000.0 0.0
344100.0 0.0
344200.0 0.0
344300.0 0.0
344400.0 0.0
344500.0 0.0
344600.0 0.0
344700.0 0.0
344800.0 0.0
344900.0 0.0
345000.0 0.0
345100.0 0.0
345200.0 0.0
345300.0 0.0
345400.0 0.0
345500.0 0.0
345600.0 0.0
345700.0 0.0
345800.0 0.0
345900.0 0.0
346000.0 0.0
346100.0 0.0
346200.0 0.0
346300.0 0.0
346400.0 0.0
346500.0 0.0
346600.0 0.0
346700.0 0.0
346800.0 0.0
346900.0 0.0
347000.0 0.0
347100.0 0.0
347200.0 0.0
347300.0 0.0
347400.0 0.0
347500.0 0.0
347600.0 0.0
347700.0 0.0
347800.0 0.0
347900.0 0.0
348000.0 0.0
348100.0 0.0
348200.0 0.0
348300.0 0.0
348400.0 0.0
348500.0 0.0
348600.0 0.0
348700.0 0.0
348800.0 0.0
348900.0 0.0
349000.0 0.0
349100.0 0.0
349200.0 0.0
349300.0 0.0
349400.0 0.0
349500.0 0.0
349600.0 0.0
349700.0 0.0
349800.0 0.0
349900.0 0.0
350000.0 0.0
350100.0 0.0
350200.0 0.0
350300.0 0.0
350400.0 0.0
350500.0 0.0
350600.0 0.0
350700.0 0.0
350800.0 0.0
350900.0 0.0
351000.0 0.0
351100.0 0.0
351200.0 0.0
351300.0 0.0
351400.0 0.0
351500.0 0.0
351600.0 0.0
351700.0 0.0
351800.0 0.0
351900.0 0.0
352000.0 0.0
352100.0 0.0
352200.0 0.0
352300.0 0.0
352400.0 0.0
352500.0 0.0
352600.0 0.0
352700.0 0.0
352800.0 0.0
352900.0 0.0
353000.0 0.0
353100.0 0.0
353200.0 0.0
353300.0 0.0
353400.0 0.0
353500.0 0.0
353600.0 0.0
353700.0 0.0
353800.0 0.0
353900.0 0.0
354000.0 0.0
354100.0 0.0
354200.0 0.0
354300.0 0.0
354400.0 0.0
354500.0 0.0
354600.0 0.0
354700.0 0.0
354800.0 0.0
354900.0 0.0
355000.0 0.0
355100.0 0.0
355200.0 0.0
355300.0 0.0
355400.0 0.0
355500.0 0.0
355600.0 0.0
355700.0 0.0
355800.0 0.0
355900.0 0.0
356000.0 0.0
356100.0 0.0
356200.0 0.0
356300.0 0.0
356400.0 0.0
356500.0 0.0
356600.0 0.0
356700.0 0.0
356800.0 0.0
356900.0 0.0
357000.0 0.0
357100.0 0.0
357200.0 0.0
357300.0 0.0
357400.0 0.0
357500.0 0.0
357600.0 0.0
357700.0 0.0
357800.0 0.0
357900.0 0.0
358000.0 0.0
358100.0 0.0
358200.0 0.0
358300.0 0.0
358400.0 0.0
358500.0 0.0
358600.0 0.0
358700.0 0.0
358800.0 0.0
358900.0 0.0
359000.0 0.0
359100.0 0.0
359200.0 0.0
359300.0 0.0
359400.0 0.0
359500.0 0.0
359600.0 0.0
359700.0 0.0
359800.0 0.0
359900.0 0.0
360000.0 0.0
360100.0 0.0
360200.0 0.0
360300.0 0.0
360400.0 0.0
360500.0 0.0
360600.0 0.0
360700.0 0.0
360800.0 0.0
360900.0 0.0
361000.0 0.0
361100.0 0.0
361200.0 0.0
361300.0 0.0
361400.0 0.0
361500.0 0.0
361600.0 0.0
361700.0 0.0
361800.0 0.0
361900.0 0.0
362000.0 0.0
362100.0 0.0
362200.0 0.0
362300.0 0.0
362400.0 0.0
362500.0 0.0
362600.0 0.0
362700.0 0.0
362800.0 0.0
362900.0 0.0
363000.0 0.0
363100.0 0.0
363200.0 0.0
363300.0 0.0
363400.0 0.0
363500.0 0.0
363600.0 0.0
363700.0 0.0
363800.0 0.0
363900.0 0.0
364000.0 0.0
364100.0 0.0
364200.0 0.0
364300.0 0.0
364400.0 0.0
364500.0 0.0
364600.0 0.0
364700.0 0.0
364800.0 0.0
364900.0 0.0
365000.0 0.0
365100.0 0.0
365200.0 0.0
365300.0 0.0
365400.0 0.0
365500.0 0.0
365600.0 0.0
365700.0 0.0
365800.0 0.0
365900.0 0.0
366000.0 0.0
366100.0 0.0
366200.0 0.0
366300.0 0.0
366400.0 0.0
366500.0 0.0
366600.0 0.0
366700.0 0.0
366800.0 0.0
366900.0 0.0
367000.0 0.0
367100.0 0.0
367200.0 0.0
367300.0 0.0
367400.0 0.0
367500.0 0.0
367600.0 0.0
367700.0 0.0
367800.0 0.0
367900.0 0.0
368000.0 0.0
368100.0 0.0
368200.0 0.0
368300.0 0.0
368400.0 0.0
368500.0 0.0
368600.0 0.0
368700.0 0.0
368800.0 0.0
368900.0 0.0
369000.0 0.0
369100.0 0.0
369200.0 0.0
369300.0 0.0
369400.0 0.0
369500.0 0.0
369600.0 0.0
369700.0 0.0
369800.0 0.0
369900.0 0.0
370000.0 0.0
370100.0 0.0
370200.0 0.0
370300.0 0.0
370400.0 0.0
370500.0 0.0
370600.0 0.0
370700.0 0.0
370800.0 0.0
370900.0 0.0
371000.0 0.0
371100.0 0.0
371200.0 0.0
371300.0 0.0
371400.0 0.0
371500.0 0.0
371600.0 0.0
371700.0 0.0
371800.0 0.0
371900.0 0.0
372000.0 0.0
372100.0 0.0
372200.0 0.0
372300.0 0.0
372400.0 0.0
372500.0 0.0
372600.0 0.0
372700.0 0.0
372800.0 0.0
372900.0 0.0
373000.0 0.0
373100.0 0.0
373200.0 0.0
373300.0 0.0
373400.0 0.0
373500.0 0.0
373600.0 0.0
373700.0 0.0
373800.0 0.0
373900.0 0.0
374000.0 0.0
374100.0 0.0
374200.0 0.0
374300.0 0.0
374400.0 0.0
374500.0 0.0
374600.0 0.0
374700.0 0.0
374800.0 0.0
374900.0 0.0
375000.0 0.0
375100.0 0.0
375200.0 0.0
375300.0 0.0
375400.0 0.0
375500.0 0.0
375600.0 0.0
375700.0 0.0
375800.0 0.0
375900.0 0.0
376000.0 0.0
376100.0 0.0
376200.0 0.0
376300.0 0.0
376400.0 0.0
376500.0 0.0
376600.0 0.0
376700.0 0.0
376800.0 0.0
376900.0 0.0
377000.0 0.0
377100.0 0.0
377200.0 0.0
377300.0 0.0
377400.0 0.0
377500.0 0.0
377600.0 0.0
377700.0 0.0
377800.0 0.0
377900.0 0.0
378000.0 0.0
378100.0 0.0
378200.0 0.0
378300.0 0.0
378400.0 0.0
378500.0 0.0
378600.0 0.0
378700.0 0.0
378800.0 0.0
378900.0 0.0
379000.0 0.0
379100.0 0.0
379200.0 0.0
379300.0 0.0
379400.0 0.0
379500.0 0.0
379600.0 0.0
379700.0 0.0
379800.0 0.0
379900.0 0.0
380000.0 0.0
380100.0 0.0
380200.0 0.0
380300.0 0.0
380400.0 0.0
380500.0 0.0
380600.0 0.0
380700.0 0.0
380800.0 0.0
380900.0 0.0
381000.0 0.0
381100.0 0.0
381200.0 0.0
381300.0 0.0
381400.0 0.0
381500.0 0.0
381600.0 0.0
381700.0 0.0
381800.0 0.0
381900.0 0.0
382000.0 0.0
382100.0 0.0
382200.0 0.0
382300.0 0.0
382400.0 0.0
382500.0 0.0
382600.0 0.0
382700.0 0.0
382800.0 0.0
382900.0 0.0
383000.0 0.0
383100.0 0.0
383200.0 0.0
383300.0 0.0
383400.0 0.0
383500.0 0.0
383600.0 0.0
383700.0 0.0
383800.0 0.0
383900.0 0.0
384000.0 0.0
384100.0 0.0
384200.0 0.0
384300.0 0.0
384400.0 0.0
384500.0 0.0
384600.0 0.0
384700.0 0.0
384800.0 0.0
384900.0 0.0
385000.0 0.0
385100.0 0.0
385200.0 0.0
385300.0 0.0
385400.0 0.0
385500.0 0.0
385600.0 0.0
385700.0 0.0
385800.0 0.0
385900.0 0.0
386000.0 0.0
386100.0 0.0
386200.0 0.0
386300.0 0.0
386400.0 0.0
386500.0 0.0
386600.0 0.0
386700.0 0.0
386800.0 0.0
386900.0 0.0
387000.0 0.0
387100.0 0.0
387200.0 0.0
387300.0 0.0
387400.0 0.0
387500.0 0.0
387600.0 0.0
387700.0 0.0
387800.0 0.0
387900.0 0.0
388000.0 0.0
388100.0 0.0
388200.0 0.0
388300.0 0.0
388400.0 0.0
388500.0 0.0
388600.0 0.0
388700.0 0.0
388800.0 0.0
388900.0 0.0
389000.0 0.0
389100.0 0.0
389200.0 0.0
389300.0 0.0
389400.0 0.0
389500.0 0.0
389600.0 0.0
389700.0 0.0
389800.0 0.0
389900.0 0.0
390000.0 0.0
390100.0 0.0
390200.0 0.0
390300.0 0.0
390400.0 0.0
390500.0 0.0
390600.0 0.0
390700.0 0.0
390800.0 0.0
390900.0 0.0
391000.0 0.0
391100.0 0.0
391200.0 0.0
391300.0 0.0
391400.0 0.0
391500.0 0.0
391600.0 0.0
391700.0 0.0
391800.0 0.0
391900.0 0.0
392000.0 0.0
392100.0 0.0
392200.0 0.0
392300.0 0.0
392400.0 0.0
392500.0 0.0
392600.0 0.0
392700.0 0.0
392800.0 0.0
392900.0 0.0
393000.0 0.0
393100.0 0.0
393200.0 0.0
393300.0 0.0
393400.0 0.0
393500.0 0.0
393600.0 0.0
393700.0 0.0
393800.0 0.0
393900.0 0.0
394000.0 0.0
394100.0 0.0
394200.0 0.0
394300.0 0.0
394400.0 0.0
394500.0 0.0
394600.0 0.0
394700.0 0.0
394800.0 0.0
394900.0 0.0
395000.0 0.0
395100.0 0.0
395200.0 0.0
395300.0 0.0
395400.0 0.0
395500.0 0.0
395600.0 0.0
395700.0 0.0
395800.0 0.0
395900.0 0.0
396000.0 0.0
396100.0 0.0
396200.0 0.0
396300.0 0.0
396400.0 0.0
396500.0 0.0
396600.0 0.0
396700.0 0.0
396800.0 0.0
396900.0 0.0
397000.0 0.0
397100.0 0.0
397200.0 0.0
397300.0 0.0
397400.0 0.0
397500.0 0.0
397600.0 0.0
397700.0 0.0
397800.0 0.0
397900.0 0.0
398000.0 0.0
398100.0 0.0
398200.0 0.0
398300.0 0.0
398400.0 0.0
398500.0 0.0
398600.0 0.0
398700.0 0.0
398800.0 0.0
398900.0 0.0
399000.0 0.0
399100.0 0.0
399200.0 0.0
399300.0 0.0
399400.0 0.0
399500.0 0.0
399600.0 0.0
399700.0 0.0
399800.0 0.0
399900.0 0.0
400000.0 0.0
400100.0 0.0
400200.0 0.0
400300.0 0.0
400400.0 0.0
400500.0 0.0
400600.0 0.0
400700.0 0.0
400800.0 0.0
400900.0 0.0
401000.0 0.0
401100.0 0.0
401200.0 0.0
401300.0 0.0
401400.0 0.0
401500.0 0.0
401600.0 0.0
401700.0 0.0
401800.0 0.0
401900.0 0.0
402000.0 0.0
402100.0 0.0
402200.0 0.0
402300.0 0.0
402400.0 0.0
402500.0 0.0
402600.0 0.0
402700.0 0.0
402800.0 0.0
402900.0 0.0
403000.0 0.0
403100.0 0.0
403200.0 0.0
403300.0 0.0
403400.0 0.0
403500.0 0.0
403600.0 0.0
403700.0 0.0
403800.0 0.0
403900.0 0.0
404000.0 0.0
404100.0 0.0
404200.0 0.0
404300.0 0.0
404400.0 0.0
404500.0 0.0
404600.0 0.0
404700.0 0.0
404800.0 0.0
404900.0 0.0
405000.0 0.0
405100.0 0.0
405200.0 0.0
405300.0 0.0
405400.0 0.0
405500.0 0.0
405600.0 0.0
405700.0 0.0
405800.0 0.0
405900.0 0.0
406000.0 0.0
406100.0 0.0
406200.0 0.0
406300.0 0.0
406400.0 0.0
406500.0 0.0
406600.0 0.0
406700.0 0.0
406800.0 0.0
406900.0 0.0
407000.0 0.0
407100.0 0.0
407200.0 0.0
407300.0 0.0
407400.0 0.0
407500.0 0.0
407600.0 0.0
407700.0 0.0
407800.0 0.0
407900.0 0.0
408000.0 0.0
408100.0 0.0
408200.0 0.0
408300.0 0.0
408400.0 0.0
408500.0 0.0
408600.0 0.0
408700.0 0.0
408800.0 0.0
408900.0 0.0
409000.0 0.0
409100.0 0.0
409200.0 0.0
409300.0 0.0
409400.0 0.0
409500.0 0.0
409600.0 0.0
409700.0 0.0
409800.0 0.0
409900.0 0.0
410000.0 0.0
410100.0 0.0
410200.0 0.0
410300.0 0.0
410400.0 0.0
410500.0 0.0
410600.0 0.0
410700.0 0.0
410800.0 0.0
410900.0 0.0
411000.0 0.0
411100.0 0.0
411200.0 0.0
411300.0 0.0
411400.0 0.0
411500.0 0.0
411600.0 0.0
411700.0 0.0
411800.0 0.0
411900.0 0.0
412000.0 0.0
412100.0 0.0
412200.0 0.0
412300.0 0.0
412400.0 0.0
412500.0 0.0
412600.0 0.0
412700.0 0.0
412800.0 0.0
412900.0 0.0
413000.0 0.0
413100.0 0.0
413200.0 0.0
413300.0 0.0
413400.0 0.0
413500.0 0.0
413600.0 0.0
413700.0 0.0
413800.0 0.0
413900.0 0.0
414000.0 0.0
414100.0 0.0
414200.0 0.0
414300.0 0.0
414400.0 0.0
414500.0 0.0
414600.0 0.0
414700.0 0.0
414800.0 0.0
414900.0 0.0
415000.0 0.0
415100.0 0.0
415200.0 0.0
415300.0 0.0
415400.0 0.0
415500.0 0.0
415600.0 0.0
415700.0 0.0
415800.0 0.0
415900.0 0.0
416000.0 0.0
416100.0 0.0
416200.0 0.0
416300.0 0.0
416400.0 0.0
416500.0 0.0
416600.0 0.0
416700.0 0.0
416800.0 0.0
416900.0 0.0
417000.0 0.0
417100.0 0.0
417200.0 0.0
417300.0 0.0
417400.0 0.0
417500.0 0.0
417600.0 0.0
417700.0 0.0
417800.0 0.0
417900.0 0.0
418000.0 0.0
418100.0 0.0
418200.0 0.0
418300.0 0.0
418400.0 0.0
418500.0 0.0
418600.0 0.0
418700.0 0.0
418800.0 0.0
418900.0 0.0
419000.0 0.0
419100.0 0.0
419200.0 0.0
419300.0 0.0
419400.0 0.0
419500.0 0.0
419600.0 0.0
419700.0 0.0
419800.0 0.0
419900.0 0.0
420000.0 0.0
420100.0 0.0
420200.0 0.0
420300.0 0.0
420400.0 0.0
420500.0 0.0
420600.0 0.0
420700.0 0.0
420800.0 0.0
420900.0 0.0
421000.0 0.0
421100.0 0.0
421200.0 0.0
421300.0 0.0
421400.0 0.0
421500.0 0.0
421600.0 0.0
421700.0 0.0
421800.0 0.0
421900.0 0.0
422000.0 0.0
422100.0 0.0
422200.0 0.0
422300.0 0.0
422400.0 0.0
422500.0 0.0
422600.0 0.0
422700.0 0.0
422800.0 0.0
422900.0 0.0
423000.0 0.0
423100.0 0.0
423200.0 0.0
423300.0 0.0
423400.0 0.0
423500.0 0.0
423600.0 0.0
423700.0 0.0
423800.0 0.0
423900.0 0.0
424000.0 0.0
424100.0 0.0
424200.0 0.0
424300.0 0.0
424400.0 0.0
424500.0 0.0
424600.0 0.0
424700.0 0.0
424800.0 0.0
424900.0 0.0
425000.0 0.0
425100.0 0.0
425200.0 0.0
425300.0 0.0
425400.0 0.0
425500.0 0.0
425600.0 0.0
425700.0 0.0
425800.0 0.0
425900.0 0.0
426000.0 0.0
426100.0 0.0
426200.0 0.0
426300.0 0.0
426400.0 0.0
426500.0 0.0
426600.0 0.0
426700.0 0.0
426800.0 0.0
426900.0 0.0
427000.0 0.0
427100.0 0.0
427200.0 0.0
427300.0 0.0
427400.0 0.0
427500.0 0.0
427600.0 0.0
427700.0 0.0
427800.0 0.0
427900.0 0.0
428000.0 0.0
428100.0 0.0
428200.0 0.0
428300.0 0.0
428400.0 0.0
428500.0 0.0
428600.0 0.0
428700.0 0.0
428800.0 0.0
428900.0 0.0
429000.0 0.0
429100.0 0.0
429200.0 0.0
429300.0 0.0
429400.0 0.0
429500.0 0.0
429600.0 0.0
429700.0 0.0
429800.0 0.0
429900.0 0.0
430000.0 0.0
430100.0 0.0
430200.0 0.0
430300.0 0.0
430400.0 0.0
430500.0 0.0
430600.0 0.0
430700.0 0.0
430800.0 0.0
430900.0 0.0
431000.0 0.0
431100.0 0.0
431200.0 0.0
431300.0 0.0
431400.0 0.0
431500.0 0.0
431600.0 0.0
431700.0 0.0
431800.0 0.0
431900.0 0.0
432000.0 0.0
432100.0 0.0
432200.0 0.0
432300.0 0.0
432400.0 0.0
432500.0 0.0
432600.0 0.0
432700.0 0.0
432800.0 0.0
432900.0 0.0
433000.0 0.0
433100.0 0.0
433200.0 0.0
433300.0 0.0
433400.0 0.0
433500.0 0.0
433600.0 0.0
433700.0 0.0
433800.0 0.0
433900.0 0.0
434000.0 0.0
434100.0 0.0
434200.0 0.0
434300.0 0.0
434400.0 0.0
434500.0 0.0
434600.0 0.0
434700.0 0.0
434800.0 0.0
434900.0 0.0
435000.0 0.0
435100.0 0.0
435200.0 0.0
435300.0 0.0
435400.0 0.0
435500.0 0.0
435600.0 0.0
435700.0 0.0
435800.0 0.0
435900.0 0.0
436000.0 0.0
436100.0 0.0
436200.0 0.0
436300.0 0.0
436400.0 0.0
436500.0 0.0
436600.0 0.0
436700.0 0.0
436800.0 0.0
436900.0 0.0
437000.0 0.0
437100.0 0.0
437200.0 0.0
437300.0 0.0
437400.0 0.0
437500.0 0.0
437600.0 0.0
437700.0 0.0
437800.0 0.0
437900.0 0.0
438000.0 0.0
438100.0 0.0
438200.0 0.0
438300.0 0.0
438400.0 0.0
438500.0 0.0
438600.0 0.0
438700.0 0.0
438800.0 0.0
438900.0 0.0
439000.0 0.0
439100.0 0.0
439200.0 0.0
439300.0 0.0
439400.0 0.0
439500.0 0.0
439600.0 0.0
439700.0 0.0
439800.0 0.0
439900.0 0.0
440000.0 0.0
440100.0 0.0
440200.0 0.0
440300.0 0.0
440400.0 0.0
440500.0 0.0
440600.0 0.0
440700.0 0.0
440800.0 0.0
440900.0 0.0
441000.0 0.0
441100.0 0.0
441200.0 0.0
441300.0 0.0
441400.0 0.0
441500.0 0.0
441600.0 0.0
441700.0 0.0
441800.0 0.0
441900.0 0.0
442000.0 0.0
442100.0 0.0
442200.0 0.0
442300.0 0.0
442400.0 0.0
442500.0 0.0
442600.0 0.0
442700.0 0.0
442800.0 0.0
442900.0 0.0
443000.0 0.0
443100.0 0.0
443200.0 0.0
443300.0 0.0
443400.0 0.0
443500.0 0.0
443600.0 0.0
443700.0 0.0
443800.0 0.0
443900.0 0.0
444000.0 0.0
444100.0 0.0
444200.0 0.0
444300.0 0.0
444400.0 0.0
444500.0 0.0
444600.0 0.0
444700.0 0.0
444800.0 0.0
444900.0 0.0
445000.0 0.0
445100.0 0.0
445200.0 0.0
445300.0 0.0
445400.0 0.0
445500.0 0.0
445600.0 0.0
445700.0 0.0
445800.0 0.0
445900.0 0.0
446000.0 0.0
446100.0 0.0
446200.0 0.0
446300.0 0.0
446400.0 0.0
446500.0 0.0
446600.0 0.0
446700.0 0.0
446800.0 0.0
446900.0 0.0
447000.0 0.0
447100.0 0.0
447200.0 0.0
447300.0 0.0
447400.0 0.0
447500.0 0.0
447600.0 0.0
447700.0 0.0
447800.0 0.0
447900.0 0.0
448000.0 0.0
448100.0 0.0
448200.0 0.0
448300.0 0.0
448400.0 0.0
448500.0 0.0
448600.0 0.0
448700.0 0.0
448800.0 0.0
448900.0 0.0
449000.0 0.0
449100.0 0.0
449200.0 0.0
449300.0 0.0
449400.0 0.0
449500.0 0.0
449600.0 0.0
449700.0 0.0
449800.0 0.0
449900.0 0.0
450000.0 0.0
450100.0 0.0
450200.0 0.0
450300.0 0.0
450400.0 0.0
450500.0 0.0
450600.0 0.0
450700.0 0.0
450800.0 0.0
450900.0 0.0
451000.0 0.0
451100.0 0.0
451200.0 0.0
451300.0 0.0
451400.0 0.0
451500.0 0.0
451600.0 0.0
451700.0 0.0
451800.0 0.0
451900.0 0.0
452000.0 0.0
452100.0 0.0
452200.0 0.0
452300.0 0.0
452400.0 0.0
452500.0 0.0
452600.0 0.0
452700.0 0.0
452800.0 0.0
452900.0 0.0
453000.0 0.0
453100.0 0.0
453200.0 0.0
453300.0 0.0
453400.0 0.0
453500.0 0.0
453600.0 0.0
453700.0 0.0
453800.0 0.0
453900.0 0.0
454000.0 0.0
454100.0 0.0
454200.0 0.0
454300.0 0.0
454400.0 0.0
454500.0 0.0
454600.0 0.0
454700.0 0.0
454800.0 0.0
454900.0 0.0
455000.0 0.0
455100.0 0.0
455200.0 0.0
455300.0 0.0
455400.0 0.0
455500.0 0.0
455600.0 0.0
455700.0 0.0
455800.0 0.0
455900.0 0.0
456000.0 0.0
456100.0 0.0
456200.0 0.0
456300.0 0.0
456400.0 0.0
456500.0 0.0
456600.0 0.0
456700.0 0.0
456800.0 0.0
456900.0 0.0
457000.0 0.0
457100.0 0.0
457200.0 0.0
457300.0 0.0
457400.0 0.0
457500.0 0.0
457600.0 0.0
457700.0 0.0
457800.0 0.0
457900.0 0.0
458000.0 0.0
458100.0 0.0
458200.0 0.0
458300.0 0.0
458400.0 0.0
458500.0 0.0
458600.0 0.0
458700.0 0.0
458800.0 0.0
458900.0 0.0
459000.0 0.0
459100.0 0.0
459200.0 0.0
459300.0 0.0
459400.0 0.0
459500.0 0.0
459600.0 0.0
459700.0 0.0
459800.0 0.0
459900.0 0.0
460000.0 0.0
460100.0 0.0
460200.0 0.0
460300.0 0.0
460400.0 0.0
460500.0 0.0
460600.0 0.0
460700.0 0.0
460800.0 0.0
460900.0 0.0
461000.0 0.0
461100.0 0.0
461200.0 0.0
461300.0 0.0
461400.0 0.0
461500.0 0.0
461600.0 0.0
461700.0 0.0
461800.0 0.0
461900.0 0.0
462000.0 0.0
462100.0 0.0
462200.0 0.0
462300.0 0.0
462400.0 0.0
462500.0 0.0
462600.0 0.0
462700.0 0.0
462800.0 0.0
462900.0 0.0
463000.0 0.0
463100.0 0.0
463200.0 0.0
463300.0 0.0
463400.0 0.0
463500.0 0.0
463600.0 0.0
463700.0 0.0
463800.0 0.0
463900.0 0.0
464000.0 0.0
464100.0 0.0
464200.0 0.0
464300.0 0.0
464400.0 0.0
464500.0 0.0
464600.0 0.0
464700.0 0.0
464800.0 0.0
464900.0 0.0
465000.0 0.0
465100.0 0.0
465200.0 0.0
465300.0 0.0
465400.0 0.0
465500.0 0.0
465600.0 0.0
465700.0 0.0
465800.0 0.0
465900.0 0.0
466000.0 0.0
466100.0 0.0
466200.0 0.0
466300.0 0.0
466400.0 0.0
466500.0 0.0
466600.0 0.0
466700.0 0.0
466800.0 0.0
466900.0 0.0
467000.0 0.0
467100.0 0.0
467200.0 0.0
467300.0 0.0
467400.0 0.0
467500.0 0.0
467600.0 0.0
467700.0 0.0
467800.0 0.0
467900.0 0.0
468000.0 0.0
468100.0 0.0
468200.0 0.0
468300.0 0.0
468400.0 0.0
468500.0 0.0
468600.0 0.0
468700.0 0.0
468800.0 0.0
468900.0 0.0
469000.0 0.0
469100.0 0.0
469200.0 0.0
469300.0 0.0
469400.0 0.0
469500.0 0.0
469600.0 0.0
469700.0 0.0
469800.0 0.0
469900.0 0.0
470000.0 0.0
470100.0 0.0
470200.0 0.0
470300.0 0.0
470400.0 0.0
470500.0 0.0
470600.0 0.0
470700.0 0.0
470800.0 0.0
470900.0 0.0
471000.0 0.0
471100.0 0.0
471200.0 0.0
471300.0 0.0
471400.0 0.0
471500.0 0.0
471600.0 0.0
471700.0 0.0
471800.0 0.0
471900.0 0.0
472000.0 0.0
472100.0 0.0
472200.0 0.0
472300.0 0.0
472400.0 0.0
472500.0 0.0
472600.0 0.0
472700.0 0.0
472800.0 0.0
472900.0 0.0
473000.0 0.0
473100.0 0.0
473200.0 0.0
473300.0 0.0
473400.0 0.0
473500.0 0.0
473600.0 0.0
473700.0 0.0
473800.0 0.0
473900.0 0.0
474000.0 0.0
474100.0 0.0
474200.0 0.0
474300.0 0.0
474400.0 0.0
474500.0 0.0
474600.0 0.0
474700.0 0.0
474800.0 0.0
474900.0 0.0
475000.0 0.0
475100.0 0.0
475200.0 0.0
475300.0 0.0
475400.0 0.0
475500.0 0.0
475600.0 0.0
475700.0 0.0
475800.0 0.0
475900.0 0.0
476000.0 0.0
476100.0 0.0
476200.0 0.0
476300.0 0.0
476400.0 0.0
476500.0 0.0
476600.0 0.0
476700.0 0.0
476800.0 0.0
476900.0 0.0
477000.0 0.0
477100.0 0.0
477200.0 0.0
477300.0 0.0
477400.0 0.0
477500.0 0.0
477600.0 0.0
477700.0 0.0
477800.0 0.0
477900.0 0.0
478000.0 0.0
478100.0 0.0
478200.0 0.0
478300.0 0.0
478400.0 0.0
478500.0 0.0
478600.0 0.0
478700.0 0.0
478800.0 0.0
478900.0 0.0
479000.0 0.0
479100.0 0.0
479200.0 0.0
479300.0 0.0
479400.0 0.0
479500.0 0.0
479600.0 0.0
479700.0 0.0
479800.0 0.0
479900.0 0.0
480000.0 0.0
480100.0 0.0
480200.0 0.0
480300.0 0.0
480400.0 0.0
480500.0 0.0
480600.0 0.0
480700.0 0.0
480800.0 0.0
480900.0 0.0
481000.0 0.0
481100.0 0.0
481200.0 0.0
481300.0 0.0
481400.0 0.0
481500.0 0.0
481600.0 0.0
481700.0 0.0
481800.0 0.0
481900.0 0.0
482000.0 0.0
482100.0 0.0
482200.0 0.0
482300.0 0.0
482400.0 0.0
482500.0 0.0
482600.0 0.0
482700.0 0.0
482800.0 0.0
482900.0 0.0
483000.0 0.0
483100.0 0.0
483200.0 0.0
483300.0 0.0
483400.0 0.0
483500.0 0.0
483600.0 0.0
483700.0 0.0
483800.0 0.0
483900.0 0.0
484000.0 0.0
484100.0 0.0
484200.0 0.0
484300.0 0.0
484400.0 0.0
484500.0 0.0
484600.0 0.0
484700.0 0.0
484800.0 0.0
484900.0 0.0
485000.0 0.0
485100.0 0.0
485200.0 0.0
485300.0 0.0
485400.0 0.0
485500.0 0.0
485600.0 0.0
485700.0 0.0
485800.0 0.0
485900.0 0.0
486000.0 0.0
486100.0 0.0
486200.0 0.0
486300.0 0.0
486400.0 0.0
486500.0 0.0
486600.0 0.0
486700.0 0.0
486800.0 0.0
486900.0 0.0
487000.0 0.0
487100.0 0.0
487200.0 0.0
487300.0 0.0
487400.0 0.0
487500.0 0.0
487600.0 0.0
487700.0 0.0
487800.0 0.0
487900.0 0.0
488000.0 0.0
488100.0 0.0
488200.0 0.0
488300.0 0.0
488400.0 0.0
488500.0 0.0
488600.0 0.0
488700.0 0.0
488800.0 0.0
488900.0 0.0
489000.0 0.0
489100.0 0.0
489200.0 0.0
489300.0 0.0
489400.0 0.0
489500.0 0.0
489600.0 0.0
489700.0 0.0
489800.0 0.0
489900.0 0.0
490000.0 0.0
490100.0 0.0
490200.0 0.0
490300.0 0.0
490400.0 0.0
490500.0 0.0
490600.0 0.0
490700.0 0.0
490800.0 0.0
490900.0 0.0
491000.0 0.0
491100.0 0.0
491200.0 0.0
491300.0 0.0
491400.0 0.0
491500.0 0.0
491600.0 0.0
491700.0 0.0
491800.0 0.0
491900.0 0.0
492000.0 0.0
492100.0 0.0
492200.0 0.0
492300.0 0.0
492400.0 0.0
492500.0 0.0
492600.0 0.0
492700.0 0.0
492800.0 0.0
492900.0 0.0
493000.0 0.0
493100.0 0.0
493200.0 0.0
493300.0 0.0
493400.0 0.0
493500.0 0.0
493600.0 0.0
493700.0 0.0
493800.0 0.0
493900.0 0.0
494000.0 0.0
494100.0 0.0
494200.0 0.0
494300.0 0.0
494400.0 0.0
494500.0 0.0
494600.0 0.0
494700.0 0.0
494800.0 0.0
494900.0 0.0
495000.0 0.0
495100.0 0.0
495200.0 0.0
495300.0 0.0
495400.0 0.0
495500.0 0.0
495600.0 0.0
495700.0 0.0
495800.0 0.0
495900.0 0.0
496000.0 0.0
496100.0 0.0
496200.0 0.0
496300.0 0.0
496400.0 0.0
496500.0 0.0
496600.0 0.0
496700.0 0.0
496800.0 0.0
496900.0 0.0
497000.0 0.0
497100.0 0.0
497200.0 0.0
497300.0 0.0
497400.0 0.0
497500.0 0.0
497600.0 0.0
497700.0 0.0
497800.0 0.0
497900.0 0.0
498000.0 0.0
498100.0 0.0
498200.0 0.0
498300.0 0.0
498400.0 0.0
498500.0 0.0
498600.0 0.0
498700.0 0.0
498800.0 0.0
498900.0 0.0
499000.0 0.0
499100.0 0.0
499200.0 0.0
499300.0 0.0
499400.0 0.0
499500.0 0.0
499600.0 0.0
499700.0 0.0
499800.0 0.0
499900.0 0.0
500000.0 0.0
