100.0 96.5
200.0 79.1
300.0 71.3
400.0 60.1
500.0 56.2
600.0 57.6
700.0 52.5
800.0 51.9
900.0 49.1
1000.0 50.7
1100.0 49.0
1200.0 51.1
1300.0 50.6
1400.0 51.6
1500.0 51.1
1600.0 51.6
1700.0 50.7
1800.0 54.0
1900.0 51.7
2000.0 51.2
2100.0 51.1
2200.0 48.3
2300.0 50.4
2400.0 53.0
2500.0 51.7
2600.0 49.3
2700.0 53.5
2800.0 53.7
2900.0 53.1
3000.0 49.9
3100.0 50.1
3200.0 51.7
3300.0 49.6
3400.0 51.1
3500.0 52.5
3600.0 52.9
3700.0 54.8
3800.0 53.6
3900.0 50.6
4000.0 50.4
4100.0 46.7
4200.0 49.2
4300.0 51.2
4400.0 51.6
4500.0 49.9
4600.0 47.8
4700.0 49.6
4800.0 48.0
4900.0 47.9
5000.0 46.7
5100.0 47.7
5200.0 50.6
5300.0 50.4
5400.0 52.2
5500.0 52.1
5600.0 54.9
5700.0 51.1
5800.0 51.3
5900.0 51.9
6000.0 52.8
6100.0 50.5
6200.0 49.9
6300.0 50.8
6400.0 51.1
6500.0 52.2
6600.0 53.1
6700.0 54.0
6800.0 54.1
6900.0 54.9
7000.0 55.0
7100.0 54.2
7200.0 55.4
7300.0 50.1
7400.0 49.5
7500.0 49.9
7600.0 49.7
7700.0 52.2
7800.0 52.0
7900.0 49.8
8000.0 50.2
8100.0 50.6
8200.0 51.9
8300.0 49.3
8400.0 48.4
8500.0 51.5
8600.0 51.2
8700.0 53.8
8800.0 50.4
8900.0 49.5
9000.0 49.3
9100.0 51.9
9200.0 52.6
9300.0 52.0
9400.0 49.8
9500.0 50.3
9600.0 53.2
9700.0 56.1
9800.0 55.9
9900.0 55.6
10000.0 51.3
10100.0 53.1
10200.0 52.6
10300.0 54.6
10400.0 55.9
10500.0 55.4
10600.0 57.8
10700.0 53.9
10800.0 53.2
10900.0 51.6
11000.0 49.6
11100.0 52.8
11200.0 52.8
11300.0 51.3
11400.0 50.6
11500.0 52.4
11600.0 50.9
11700.0 50.6
11800.0 53.0
11900.0 50.4
12000.0 51.0
12100.0 51.3
12200.0 52.6
12300.0 51.0
12400.0 49.3
12500.0 52.7
12600.0 52.5
12700.0 50.2
12800.0 50.9
12900.0 49.2
13000.0 50.7
13100.0 48.6
13200.0 50.7
13300.0 49.1
13400.0 50.1
13500.0 51.8
13600.0 53.8
13700.0 51.2
13800.0 52.3
13900.0 50.6
14000.0 51.1
14100.0 50.8
14200.0 50.7
14300.0 49.4
14400.0 53.2
14500.0 50.9
14600.0 52.2
14700.0 53.7
14800.0 53.8
14900.0 54.1
15000.0 54.0
15100.0 55.3
15200.0 55.2
15300.0 51.5
15400.0 51.3
15500.0 55.3
15600.0 53.9
15700.0 53.0
15800.0 57.1
15900.0 53.3
16000.0 51.4
16100.0 50.5
16200.0 52.1
16300.0 52.6
16400.0 48.5
16500.0 47.5
16600.0 47.4
16700.0 50.8
16800.0 53.2
16900.0 51.0
17000.0 53.1
17100.0 52.0
17200.0 50.1
17300.0 49.1
17400.0 51.9
17500.0 51.0
17600.0 51.8
17700.0 55.1
17800.0 54.9
17900.0 54.3
18000.0 52.4
18100.0 52.3
18200.0 51.0
18300.0 48.2
18400.0 53.7
18500.0 51.1
18600.0 50.2
18700.0 53.1
18800.0 54.1
18900.0 54.6
19000.0 52.0
19100.0 48.2
19200.0 46.9
19300.0 47.3
19400.0 50.4
19500.0 52.1
19600.0 53.9
19700.0 53.4
19800.0 52.1
19900.0 49.2
20000.0 49.1
20100.0 48.9
20200.0 49.1
20300.0 50.9
20400.0 50.8
20500.0 51.2
20600.0 51.6
20700.0 49.5
20800.0 47.9
20900.0 49.0
21000.0 50.1
21100.0 47.9
21200.0 48.7
21300.0 49.3
21400.0 51.8
21500.0 52.4
21600.0 54.2
21700.0 54.7
21800.0 52.9
21900.0 52.9
22000.0 52.0
22100.0 52.6
22200.0 54.0
22300.0 56.3
22400.0 54.3
22500.0 53.5
22600.0 50.0
22700.0 49.2
22800.0 53.2
22900.0 52.0
23000.0 50.4
23100.0 48.4
23200.0 48.7
23300.0 50.9
23400.0 47.4
23500.0 49.3
23600.0 51.3
23700.0 46.7
23800.0 50.6
23900.0 51.1
24000.0 48.1
24100.0 48.0
24200.0 48.8
24300.0 50.0
24400.0 51.2
24500.0 50.3
24600.0 54.1
24700.0 52.0
24800.0 47.8
24900.0 49.5
25000.0 48.5
25100.0 47.2
25200.0 47.2
25300.0 50.6
25400.0 52.0
25500.0 50.5
25600.0 50.8
25700.0 52.4
25800.0 50.7
25900.0 49.5
26000.0 49.7
26100.0 49.9
26200.0 50.1
26300.0 49.1
26400.0 49.3
26500.0 47.7
26600.0 45.9
26700.0 45.3
26800.0 44.3
26900.0 47.4
27000.0 47.9
27100.0 51.0
27200.0 48.1
27300.0 47.8
27400.0 47.2
27500.0 44.3
27600.0 44.0
27700.0 44.9
27800.0 46.3
27900.0 45.7
28000.0 44.3
28100.0 43.9
28200.0 47.2
28300.0 47.8
28400.0 48.2
28500.0 49.2
28600.0 50.5
28700.0 52.2
28800.0 53.2
28900.0 48.8
29000.0 49.4
29100.0 50.3
29200.0 50.6
29300.0 51.7
29400.0 50.5
29500.0 50.3
29600.0 47.1
29700.0 47.2
29800.0 46.8
29900.0 50.6
30000.0 53.5
30100.0 49.5
30200.0 47.8
30300.0 49.0
30400.0 48.6
30500.0 48.6
30600.0 48.0
30700.0 48.8
30800.0 48.9
30900.0 48.6
31000.0 50.3
31100.0 50.5
31200.0 49.3
31300.0 51.7
31400.0 52.2
31500.0 49.4
31600.0 47.5
31700.0 48.9
31800.0 51.3
31900.0 51.0
32000.0 50.8
32100.0 46.8
32200.0 46.2
32300.0 47.3
32400.0 48.5
32500.0 51.9
32600.0 53.7
32700.0 49.9
32800.0 49.5
32900.0 48.2
33000.0 48.8
33100.0 49.2
33200.0 50.7
33300.0 50.1
33400.0 47.8
33500.0 45.7
33600.0 47.9
33700.0 50.1
33800.0 50.4
33900.0 48.2
34000.0 50.3
34100.0 51.2
34200.0 52.1
34300.0 51.4
34400.0 50.5
34500.0 48.8
34600.0 49.7
34700.0 49.6
34800.0 47.4
34900.0 50.2
35000.0 48.3
35100.0 49.9
35200.0 48.1
35300.0 49.8
35400.0 48.6
35500.0 50.0
35600.0 49.2
35700.0 49.8
35800.0 50.2
35900.0 50.4
36000.0 45.7
36100.0 46.3
36200.0 45.4
36300.0 45.1
36400.0 46.8
36500.0 48.1
36600.0 50.4
36700.0 49.0
36800.0 48.4
36900.0 47.5
37000.0 44.5
37100.0 47.9
37200.0 47.4
37300.0 48.7
37400.0 48.9
37500.0 46.2
37600.0 47.2
37700.0 44.4
37800.0 45.5
37900.0 48.2
38000.0 45.0
38100.0 47.2
38200.0 45.4
38300.0 46.4
38400.0 45.2
38500.0 46.6
38600.0 49.6
38700.0 48.3
38800.0 46.1
38900.0 43.5
39000.0 44.6
39100.0 46.7
39200.0 49.1
39300.0 45.4
39400.0 44.5
39500.0 46.1
39600.0 45.3
39700.0 45.1
39800.0 47.5
39900.0 48.5
40000.0 48.6
40100.0 46.4
40200.0 50.3
40300.0 47.1
40400.0 46.6
40500.0 47.9
40600.0 45.4
40700.0 48.1
40800.0 46.1
40900.0 48.1
41000.0 46.4
41100.0 46.8
41200.0 46.8
41300.0 46.5
41400.0 49.8
41500.0 49.2
41600.0 49.6
41700.0 51.6
41800.0 45.0
41900.0 49.2
42000.0 46.0
42100.0 45.7
42200.0 44.4
42300.0 46.1
42400.0 45.9
42500.0 48.4
42600.0 48.2
42700.0 47.8
42800.0 47.0
42900.0 45.2
43000.0 46.9
43100.0 45.9
43200.0 45.4
43300.0 47.2
43400.0 48.2
43500.0 46.1
43600.0 47.6
43700.0 44.3
43800.0 43.9
43900.0 45.1
44000.0 44.4
44100.0 46.6
44200.0 46.0
44300.0 49.8
44400.0 48.6
44500.0 47.5
44600.0 42.4
44700.0 42.4
44800.0 45.0
44900.0 44.0
45000.0 46.9
45100.0 44.6
45200.0 42.6
45300.0 42.2
45400.0 43.5
45500.0 43.5
45600.0 45.4
45700.0 43.5
45800.0 43.3
45900.0 42.0
46000.0 45.9
46100.0 47.4
46200.0 46.2
46300.0 45.4
46400.0 45.5
46500.0 45.4
46600.0 45.5
46700.0 42.8
46800.0 41.6
46900.0 43.3
47000.0 44.1
47100.0 43.6
47200.0 46.7
47300.0 46.8
47400.0 46.1
47500.0 47.9
47600.0 47.4
47700.0 45.5
47800.0 44.6
47900.0 46.9
48000.0 41.9
48100.0 40.8
48200.0 43.4
48300.0 43.2
48400.0 45.3
48500.0 43.1
48600.0 41.5
48700.0 41.6
48800.0 41.5
48900.0 42.9
49000.0 43.8
49100.0 44.3
49200.0 42.9
49300.0 46.0
49400.0 45.3
49500.0 46.8
49600.0 43.6
49700.0 46.2
49800.0 46.2
49900.0 45.9
50000.0 43.2
50100.0 43.4
50200.0 39.2
50300.0 41.1
50400.0 41.7
50500.0 42.3
50600.0 42.3
50700.0 45.6
50800.0 43.2
50900.0 44.6
51000.0 46.1
51100.0 41.8
51200.0 40.8
51300.0 43.8
51400.0 43.9
51500.0 43.5
51600.0 44.0
51700.0 44.3
51800.0 43.9
51900.0 39.9
52000.0 40.8
52100.0 39.1
52200.0 40.1
52300.0 43.0
52400.0 45.2
52500.0 43.8
52600.0 42.6
52700.0 41.6
52800.0 41.9
52900.0 41.7
53000.0 43.8
53100.0 44.3
53200.0 45.8
53300.0 43.3
53400.0 47.6
53500.0 44.7
53600.0 42.5
53700.0 45.2
53800.0 43.0
53900.0 43.1
54000.0 43.3
54100.0 41.6
54200.0 40.8
54300.0 40.9
54400.0 39.9
54500.0 39.8
54600.0 40.1
54700.0 37.5
54800.0 40.1
54900.0 38.8
55000.0 42.0
55100.0 39.4
55200.0 39.1
55300.0 38.4
55400.0 38.7
55500.0 37.9
55600.0 41.3
55700.0 40.6
55800.0 43.0
55900.0 41.9
56000.0 40.0
56100.0 41.7
56200.0 41.8
56300.0 40.5
56400.0 39.6
56500.0 38.3
56600.0 38.6
56700.0 38.9
56800.0 40.5
56900.0 39.5
57000.0 38.0
57100.0 38.2
57200.0 39.8
57300.0 39.9
57400.0 39.2
57500.0 40.4
57600.0 38.0
57700.0 36.6
57800.0 38.4
57900.0 41.0
58000.0 39.9
58100.0 39.3
58200.0 38.8
58300.0 37.6
58400.0 38.6
58500.0 37.6
58600.0 39.0
58700.0 39.5
58800.0 42.3
58900.0 40.7
59000.0 40.3
59100.0 40.3
59200.0 42.3
59300.0 42.4
59400.0 41.1
59500.0 42.2
59600.0 42.7
59700.0 43.2
59800.0 42.8
59900.0 41.6
60000.0 41.3
60100.0 42.2
60200.0 41.0
60300.0 42.0
60400.0 38.8
60500.0 37.7
60600.0 36.9
60700.0 39.5
60800.0 36.6
60900.0 38.3
61000.0 39.4
61100.0 40.8
61200.0 41.6
61300.0 39.8
61400.0 40.1
61500.0 42.0
61600.0 40.7
61700.0 40.5
61800.0 39.8
61900.0 38.4
62000.0 37.6
62100.0 38.4
62200.0 39.8
62300.0 40.9
62400.0 39.4
62500.0 38.0
62600.0 40.9
62700.0 40.0
62800.0 37.7
62900.0 39.9
63000.0 43.0
63100.0 41.3
63200.0 42.6
63300.0 40.2
63400.0 38.9
63500.0 39.7
63600.0 39.6
63700.0 39.9
63800.0 39.5
63900.0 39.0
64000.0 38.6
64100.0 40.0
64200.0 37.3
64300.0 36.7
64400.0 36.8
64500.0 37.6
64600.0 36.7
64700.0 39.4
64800.0 38.0
64900.0 40.1
65000.0 38.7
65100.0 40.1
65200.0 37.7
65300.0 40.5
65400.0 39.6
65500.0 38.8
65600.0 39.5
65700.0 38.9
65800.0 38.5
65900.0 38.4
66000.0 39.2
66100.0 36.2
66200.0 37.9
66300.0 40.2
66400.0 36.9
66500.0 36.9
66600.0 39.2
66700.0 37.6
66800.0 35.7
66900.0 34.1
67000.0 33.5
67100.0 35.3
67200.0 36.0
67300.0 36.1
67400.0 35.7
67500.0 36.1
67600.0 37.3
67700.0 36.4
67800.0 38.0
67900.0 38.7
68000.0 39.1
68100.0 38.0
68200.0 34.1
68300.0 35.0
68400.0 34.2
68500.0 35.3
68600.0 35.6
68700.0 36.9
68800.0 35.9
68900.0 39.1
69000.0 39.2
69100.0 40.2
69200.0 40.0
69300.0 37.2
69400.0 37.0
69500.0 35.5
69600.0 36.4
69700.0 35.8
69800.0 35.3
69900.0 35.1
70000.0 36.6
70100.0 35.6
70200.0 36.3
70300.0 35.8
70400.0 36.7
70500.0 36.3
70600.0 35.8
70700.0 37.4
70800.0 36.6
70900.0 33.1
71000.0 34.2
71100.0 35.9
71200.0 36.2
71300.0 35.6
71400.0 36.0
71500.0 36.8
71600.0 36.8
71700.0 38.1
71800.0 38.5
71900.0 36.8
72000.0 35.7
72100.0 36.3
72200.0 37.2
72300.0 36.6
72400.0 38.2
72500.0 37.7
72600.0 35.1
72700.0 37.3
72800.0 35.8
72900.0 38.0
73000.0 38.1
73100.0 37.3
73200.0 38.7
73300.0 37.5
73400.0 35.4
73500.0 36.8
73600.0 35.9
73700.0 33.1
73800.0 33.8
73900.0 34.9
74000.0 36.0
74100.0 35.7
74200.0 33.4
74300.0 33.9
74400.0 32.6
74500.0 32.4
74600.0 32.3
74700.0 31.0
74800.0 33.5
74900.0 31.8
75000.0 35.1
75100.0 34.9
75200.0 33.1
75300.0 30.4
75400.0 31.6
75500.0 29.1
75600.0 30.4
75700.0 30.1
75800.0 30.2
75900.0 31.5
76000.0 31.1
76100.0 31.5
76200.0 30.9
76300.0 31.9
76400.0 32.3
76500.0 33.5
76600.0 35.9
76700.0 34.8
76800.0 35.8
76900.0 35.7
77000.0 34.9
77100.0 34.6
77200.0 33.1
77300.0 35.7
77400.0 34.1
77500.0 35.0
77600.0 31.2
77700.0 30.9
77800.0 31.2
77900.0 32.1
78000.0 31.3
78100.0 33.4
78200.0 35.5
78300.0 35.6
78400.0 35.4
78500.0 34.8
78600.0 34.3
78700.0 32.3
78800.0 32.6
78900.0 31.9
79000.0 31.7
79100.0 32.6
79200.0 34.7
79300.0 32.1
79400.0 33.7
79500.0 34.0
79600.0 34.2
79700.0 32.4
79800.0 32.8
79900.0 33.6
80000.0 32.2
80100.0 33.2
80200.0 32.5
80300.0 33.0
80400.0 33.0
80500.0 31.9
80600.0 31.7
80700.0 32.7
80800.0 32.7
80900.0 33.4
81000.0 34.3
81100.0 33.0
81200.0 34.1
81300.0 32.9
81400.0 32.9
81500.0 31.2
81600.0 32.7
81700.0 34.6
81800.0 32.9
81900.0 29.5
82000.0 30.0
82100.0 31.0
82200.0 32.5
82300.0 31.0
82400.0 32.4
82500.0 31.9
82600.0 31.8
82700.0 32.2
82800.0 31.0
82900.0 32.5
83000.0 34.9
83100.0 34.6
83200.0 35.0
83300.0 35.4
83400.0 33.7
83500.0 33.0
83600.0 28.9
83700.0 29.9
83800.0 28.3
83900.0 30.0
84000.0 30.4
84100.0 30.7
84200.0 33.3
84300.0 33.3
84400.0 35.2
84500.0 32.7
84600.0 32.9
84700.0 30.4
84800.0 29.2
84900.0 28.7
85000.0 26.3
85100.0 28.2
85200.0 30.0
85300.0 31.7
85400.0 33.8
85500.0 34.1
85600.0 32.1
85700.0 31.1
85800.0 30.5
85900.0 31.2
86000.0 28.7
86100.0 30.7
86200.0 31.8
86300.0 28.6
86400.0 29.5
86500.0 31.0
86600.0 29.3
86700.0 28.5
86800.0 27.4
86900.0 29.0
87000.0 28.2
87100.0 30.3
87200.0 30.6
87300.0 29.4
87400.0 30.8
87500.0 31.5
87600.0 30.9
87700.0 31.0
87800.0 28.8
87900.0 28.9
88000.0 30.1
88100.0 30.3
88200.0 31.1
88300.0 30.4
88400.0 30.1
88500.0 29.9
88600.0 30.1
88700.0 29.3
88800.0 29.4
88900.0 28.4
89000.0 27.7
89100.0 29.6
89200.0 28.9
89300.0 28.3
89400.0 28.1
89500.0 27.0
89600.0 28.5
89700.0 28.6
89800.0 28.7
89900.0 28.3
90000.0 28.8
90100.0 29.3
90200.0 29.6
90300.0 31.4
90400.0 30.0
90500.0 29.6
90600.0 29.3
90700.0 28.2
90800.0 29.8
90900.0 30.0
91000.0 28.9
91100.0 28.6
91200.0 29.0
91300.0 29.4
91400.0 28.5
91500.0 27.1
91600.0 27.1
91700.0 27.6
91800.0 26.9
91900.0 27.0
92000.0 26.3
92100.0 28.2
92200.0 26.8
92300.0 28.2
92400.0 27.3
92500.0 29.2
92600.0 29.8
92700.0 28.2
92800.0 27.8
92900.0 26.0
93000.0 26.2
93100.0 26.8
93200.0 27.6
93300.0 25.8
93400.0 27.1
93500.0 25.7
93600.0 25.4
93700.0 25.6
93800.0 27.4
93900.0 24.3
94000.0 25.0
94100.0 25.9
94200.0 25.3
94300.0 25.3
94400.0 26.3
94500.0 24.7
94600.0 24.2
94700.0 23.5
94800.0 24.5
94900.0 22.7
95000.0 24.1
95100.0 24.5
95200.0 25.0
95300.0 27.2
95400.0 26.2
95500.0 28.1
95600.0 25.9
95700.0 26.9
95800.0 24.9
95900.0 25.8
96000.0 26.7
96100.0 24.9
96200.0 26.4
96300.0 27.1
96400.0 26.2
96500.0 26.4
96600.0 27.2
96700.0 27.1
96800.0 27.0
96900.0 27.4
97000.0 27.7
97100.0 27.6
97200.0 27.0
97300.0 28.0
97400.0 27.4
97500.0 26.8
97600.0 25.8
97700.0 25.8
97800.0 25.4
97900.0 24.9
98000.0 27.7
98100.0 26.8
98200.0 27.1
98300.0 27.5
98400.0 26.5
98500.0 27.9
98600.0 28.8
98700.0 26.2
98800.0 25.6
98900.0 24.5
99000.0 25.2
99100.0 24.5
99200.0 24.4
99300.0 23.8
99400.0 23.2
99500.0 23.1
99600.0 24.5
99700.0 25.2
99800.0 24.9
99900.0 25.0
100000.0 24.4
100100.0 25.3
100200.0 24.4
100300.0 25.7
100400.0 24.1
100500.0 22.8
100600.0 22.4
100700.0 22.7
100800.0 24.5
100900.0 23.6
101000.0 24.5
101100.0 24.8
101200.0 25.3
101300.0 25.0
101400.0 24.8
101500.0 25.4
101600.0 23.8
101700.0 24.9
101800.0 24.2
101900.0 23.1
102000.0 22.4
102100.0 22.1
102200.0 24.7
102300.0 24.7
102400.0 23.3
102500.0 23.9
102600.0 23.3
102700.0 23.5
102800.0 23.7
102900.0 24.9
103000.0 23.3
103100.0 23.4
103200.0 24.1
103300.0 25.8
103400.0 25.6
103500.0 25.8
103600.0 24.2
103700.0 23.7
103800.0 25.5
103900.0 25.5
104000.0 24.5
104100.0 24.3
104200.0 24.9
104300.0 25.0
104400.0 25.6
104500.0 25.4
104600.0 24.5
104700.0 23.8
104800.0 24.6
104900.0 22.8
105000.0 22.1
105100.0 21.3
105200.0 22.1
105300.0 22.1
105400.0 20.7
105500.0 22.8
105600.0 22.1
105700.0 22.2
105800.0 21.0
105900.0 20.1
106000.0 20.7
106100.0 21.0
106200.0 21.5
106300.0 22.6
106400.0 22.6
106500.0 22.7
106600.0 22.9
106700.0 21.6
106800.0 22.3
106900.0 21.8
107000.0 22.0
107100.0 22.3
107200.0 23.9
107300.0 24.2
107400.0 22.9
107500.0 24.1
107600.0 21.9
107700.0 22.1
107800.0 22.6
107900.0 21.5
108000.0 22.1
108100.0 21.7
108200.0 20.6
108300.0 20.2
108400.0 18.8
108500.0 20.3
108600.0 20.2
108700.0 18.4
108800.0 19.9
108900.0 19.4
109000.0 20.0
109100.0 19.9
109200.0 20.4
109300.0 20.0
109400.0 18.5
109500.0 19.1
109600.0 18.5
109700.0 20.6
109800.0 21.4
109900.0 21.8
110000.0 21.8
110100.0 21.9
110200.0 20.8
110300.0 21.9
110400.0 22.7
110500.0 20.3
110600.0 21.8
110700.0 23.3
110800.0 20.4
110900.0 20.1
111000.0 21.8
111100.0 21.9
111200.0 22.1
111300.0 21.3
111400.0 22.6
111500.0 20.2
111600.0 19.5
111700.0 19.5
111800.0 18.6
111900.0 19.9
112000.0 19.4
112100.0 18.9
112200.0 19.3
112300.0 18.6
112400.0 17.9
112500.0 17.2
112600.0 19.0
112700.0 19.8
112800.0 19.7
112900.0 19.2
113000.0 19.9
113100.0 19.9
113200.0 19.3
113300.0 20.2
113400.0 20.8
113500.0 19.6
113600.0 20.2
113700.0 21.0
113800.0 19.9
113900.0 19.0
114000.0 19.0
114100.0 18.8
114200.0 19.0
114300.0 18.9
114400.0 19.2
114500.0 18.1
114600.0 18.4
114700.0 18.2
114800.0 18.4
114900.0 18.2
115000.0 19.0
115100.0 19.0
115200.0 18.4
115300.0 18.5
115400.0 19.8
115500.0 20.0
115600.0 19.9
115700.0 18.8
115800.0 20.3
115900.0 19.9
116000.0 19.4
116100.0 18.5
116200.0 17.3
116300.0 17.5
116400.0 17.2
116500.0 16.8
116600.0 16.9
116700.0 17.5
116800.0 18.4
116900.0 18.5
117000.0 18.5
117100.0 19.5
117200.0 18.8
117300.0 18.3
117400.0 17.1
117500.0 18.8
117600.0 17.9
117700.0 17.4
117800.0 17.4
117900.0 17.7
118000.0 18.3
118100.0 19.0
118200.0 17.7
118300.0 19.4
118400.0 18.8
118500.0 19.1
118600.0 18.1
118700.0 16.5
118800.0 17.1
118900.0 18.0
119000.0 17.5
119100.0 17.8
119200.0 17.8
119300.0 16.6
119400.0 17.2
119500.0 16.4
119600.0 16.7
119700.0 18.8
119800.0 19.3
119900.0 19.0
120000.0 19.2
120100.0 19.9
120200.0 18.6
120300.0 18.2
120400.0 19.5
120500.0 18.8
120600.0 18.9
120700.0 19.0
120800.0 17.9
120900.0 18.8
121000.0 17.9
121100.0 17.7
121200.0 17.8
121300.0 16.9
121400.0 16.6
121500.0 17.6
121600.0 16.2
121700.0 17.3
121800.0 17.6
121900.0 19.4
122000.0 18.9
122100.0 16.8
122200.0 17.4
122300.0 17.2
122400.0 18.1
122500.0 16.8
122600.0 16.6
122700.0 16.7
122800.0 17.6
122900.0 17.4
123000.0 18.0
123100.0 17.7
123200.0 17.5
123300.0 18.5
123400.0 18.1
123500.0 18.8
123600.0 18.1
123700.0 17.5
123800.0 17.4
123900.0 16.8
124000.0 17.3
124100.0 15.8
124200.0 16.1
124300.0 16.3
124400.0 16.3
124500.0 15.6
124600.0 16.2
124700.0 16.5
124800.0 16.0
124900.0 14.4
125000.0 16.3
125100.0 15.9
125200.0 17.3
125300.0 17.2
125400.0 17.4
125500.0 16.4
125600.0 16.9
125700.0 16.8
125800.0 16.4
125900.0 16.4
126000.0 16.2
126100.0 16.2
126200.0 15.3
126300.0 15.2
126400.0 14.7
126500.0 14.7
126600.0 14.6
126700.0 16.0
126800.0 16.3
126900.0 16.0
127000.0 16.0
127100.0 16.8
127200.0 16.1
127300.0 16.1
127400.0 16.6
127500.0 15.3
127600.0 15.0
127700.0 15.5
127800.0 15.4
127900.0 15.9
128000.0 16.3
128100.0 17.0
128200.0 16.8
128300.0 17.2
128400.0 15.4
128500.0 14.5
128600.0 14.9
128700.0 14.8
128800.0 14.5
128900.0 15.2
129000.0 14.8
129100.0 14.5
129200.0 13.9
129300.0 13.2
129400.0 12.9
129500.0 12.7
129600.0 13.7
129700.0 14.5
129800.0 14.5
129900.0 14.2
130000.0 14.3
130100.0 13.6
130200.0 13.5
130300.0 13.9
130400.0 14.0
130500.0 13.9
130600.0 14.3
130700.0 14.6
130800.0 14.7
130900.0 15.4
131000.0 15.2
131100.0 14.5
131200.0 15.7
131300.0 14.5
131400.0 15.4
131500.0 14.8
131600.0 14.2
131700.0 15.0
131800.0 14.6
131900.0 14.9
132000.0 14.6
132100.0 14.4
132200.0 14.8
132300.0 14.9
132400.0 15.0
132500.0 14.5
132600.0 13.9
132700.0 14.2
132800.0 13.7
132900.0 12.7
133000.0 12.8
133100.0 13.4
133200.0 14.3
133300.0 14.7
133400.0 13.9
133500.0 13.3
133600.0 13.8
133700.0 13.3
133800.0 12.0
133900.0 11.7
134000.0 11.5
134100.0 11.7
134200.0 12.7
134300.0 12.9
134400.0 13.4
134500.0 12.8
134600.0 12.8
134700.0 12.4
134800.0 12.8
134900.0 12.9
135000.0 13.5
135100.0 13.8
135200.0 12.4
135300.0 12.2
135400.0 13.1
135500.0 13.3
135600.0 13.9
135700.0 13.9
135800.0 14.1
135900.0 13.6
136000.0 13.8
136100.0 13.3
136200.0 13.5
136300.0 11.8
136400.0 11.2
136500.0 11.7
136600.0 12.2
136700.0 11.3
136800.0 11.0
136900.0 10.4
137000.0 11.0
137100.0 11.6
137200.0 11.4
137300.0 11.7
137400.0 9.8
137500.0 10.1
137600.0 11.8
137700.0 11.1
137800.0 11.7
137900.0 11.4
138000.0 11.2
138100.0 11.0
138200.0 11.8
138300.0 12.2
138400.0 11.9
138500.0 11.6
138600.0 11.5
138700.0 10.1
138800.0 9.8
138900.0 9.4
139000.0 10.2
139100.0 9.8
139200.0 10.9
139300.0 10.3
139400.0 10.0
139500.0 11.1
139600.0 11.2
139700.0 10.9
139800.0 11.0
139900.0 10.7
140000.0 11.1
140100.0 11.7
140200.0 11.0
140300.0 11.3
140400.0 10.5
140500.0 10.8
140600.0 11.5
140700.0 12.0
140800.0 11.3
140900.0 11.0
141000.0 10.8
141100.0 10.2
141200.0 10.8
141300.0 11.2
141400.0 10.8
141500.0 12.0
141600.0 11.9
141700.0 12.2
141800.0 11.6
141900.0 11.4
142000.0 12.4
142100.0 12.4
142200.0 12.6
142300.0 12.8
142400.0 12.7
142500.0 12.2
142600.0 12.6
142700.0 11.9
142800.0 11.5
142900.0 10.6
143000.0 10.8
143100.0 10.8
143200.0 10.5
143300.0 10.4
143400.0 10.7
143500.0 11.0
143600.0 10.3
143700.0 10.3
143800.0 10.9
143900.0 10.6
144000.0 11.1
144100.0 10.5
144200.0 9.7
144300.0 9.3
144400.0 10.4
144500.0 9.9
144600.0 9.6
144700.0 9.9
144800.0 9.2
144900.0 9.5
145000.0 9.3
145100.0 8.5
145200.0 9.1
145300.0 8.8
145400.0 9.9
145500.0 8.4
145600.0 8.4
145700.0 8.3
145800.0 8.0
145900.0 8.6
146000.0 9.4
146100.0 9.7
146200.0 9.3
146300.0 10.1
146400.0 9.8
146500.0 9.5
146600.0 9.9
146700.0 9.2
146800.0 10.1
146900.0 9.9
147000.0 9.0
147100.0 9.9
147200.0 9.3
147300.0 8.9
147400.0 9.0
147500.0 9.3
147600.0 9.1
147700.0 9.0
147800.0 9.2
147900.0 8.6
148000.0 8.8
148100.0 9.0
148200.0 7.9
148300.0 8.3
148400.0 8.6
148500.0 7.7
148600.0 8.4
148700.0 8.9
148800.0 9.1
148900.0 8.4
149000.0 8.4
149100.0 8.8
149200.0 9.2
149300.0 8.8
149400.0 9.3
149500.0 8.5
149600.0 8.6
149700.0 8.0
149800.0 8.5
149900.0 8.0
150000.0 7.6
150100.0 7.9
150200.0 7.8
150300.0 7.4
150400.0 7.4
150500.0 8.1
150600.0 8.2
150700.0 8.1
150800.0 8.7
150900.0 9.0
151000.0 8.6
151100.0 8.4
151200.0 8.0
151300.0 7.7
151400.0 7.8
151500.0 7.8
151600.0 7.0
151700.0 7.9
151800.0 7.5
151900.0 6.9
152000.0 6.2
152100.0 6.8
152200.0 7.1
152300.0 7.2
152400.0 7.6
152500.0 8.0
152600.0 8.0
152700.0 8.3
152800.0 7.3
152900.0 6.8
153000.0 7.2
153100.0 6.7
153200.0 6.6
153300.0 6.8
153400.0 6.5
153500.0 7.2
153600.0 6.8
153700.0 7.2
153800.0 7.4
153900.0 7.2
154000.0 7.4
154100.0 6.8
154200.0 7.3
154300.0 7.9
154400.0 7.9
154500.0 7.7
154600.0 7.5
154700.0 6.6
154800.0 7.3
154900.0 7.9
155000.0 7.3
155100.0 7.8
155200.0 7.8
155300.0 7.5
155400.0 7.7
155500.0 8.4
155600.0 7.4
155700.0 6.9
155800.0 6.2
155900.0 6.2
156000.0 6.7
156100.0 6.7
156200.0 6.3
156300.0 6.0
156400.0 5.8
156500.0 5.9
156600.0 5.9
156700.0 5.7
156800.0 5.7
156900.0 5.6
157000.0 6.4
157100.0 6.4
157200.0 6.5
157300.0 7.0
157400.0 7.9
157500.0 7.2
157600.0 7.1
157700.0 7.0
157800.0 6.5
157900.0 6.2
158000.0 5.7
158100.0 5.8
158200.0 5.8
158300.0 5.6
158400.0 5.5
158500.0 6.0
158600.0 6.3
158700.0 7.1
158800.0 7.8
158900.0 7.5
159000.0 6.7
159100.0 6.9
159200.0 6.9
159300.0 7.1
159400.0 6.7
159500.0 6.7
159600.0 6.1
159700.0 5.7
159800.0 6.8
159900.0 7.3
160000.0 6.4
160100.0 6.7
160200.0 7.0
160300.0 7.1
160400.0 7.2
160500.0 7.6
160600.0 6.5
160700.0 6.6
160800.0 6.8
160900.0 6.2
161000.0 6.5
161100.0 5.6
161200.0 5.5
161300.0 5.9
161400.0 6.2
161500.0 5.5
161600.0 5.7
161700.0 6.2
161800.0 6.4
161900.0 6.0
162000.0 6.9
162100.0 6.7
162200.0 6.4
162300.0 6.1
162400.0 6.2
162500.0 6.2
162600.0 6.9
162700.0 7.0
162800.0 6.7
162900.0 6.6
163000.0 6.1
163100.0 6.3
163200.0 5.9
163300.0 6.5
163400.0 6.2
163500.0 6.2
163600.0 6.6
163700.0 6.5
163800.0 6.5
163900.0 6.8
164000.0 7.0
164100.0 7.0
164200.0 7.6
164300.0 7.9
164400.0 7.8
164500.0 7.4
164600.0 7.6
164700.0 7.1
164800.0 6.8
164900.0 6.6
165000.0 6.6
165100.0 6.5
165200.0 6.4
165300.0 6.0
165400.0 6.2
165500.0 6.3
165600.0 6.1
165700.0 6.2
165800.0 6.1
165900.0 6.1
166000.0 5.8
166100.0 5.9
166200.0 6.0
166300.0 5.9
166400.0 6.3
166500.0 6.1
166600.0 6.0
166700.0 5.6
166800.0 5.8
166900.0 5.3
167000.0 5.6
167100.0 5.2
167200.0 5.7
167300.0 5.4
167400.0 5.6
167500.0 6.4
167600.0 6.0
167700.0 5.9
167800.0 6.3
167900.0 6.1
168000.0 6.5
168100.0 6.2
168200.0 6.2
168300.0 5.7
168400.0 5.9
168500.0 5.5
168600.0 5.4
168700.0 5.3
168800.0 4.9
168900.0 5.5
169000.0 5.1
169100.0 4.9
169200.0 5.0
169300.0 5.3
169400.0 5.3
169500.0 5.6
169600.0 6.0
169700.0 5.8
169800.0 6.0
169900.0 5.7
170000.0 5.6
170100.0 5.4
170200.0 5.3
170300.0 5.0
170400.0 4.9
170500.0 5.8
170600.0 5.2
170700.0 5.0
170800.0 5.3
170900.0 5.3
171000.0 4.9
171100.0 4.8
171200.0 4.7
171300.0 5.0
171400.0 5.1
171500.0 5.4
171600.0 5.7
171700.0 5.4
171800.0 5.0
171900.0 4.9
172000.0 5.1
172100.0 5.1
172200.0 5.4
172300.0 5.3
172400.0 5.2
172500.0 4.5
172600.0 4.4
172700.0 4.4
172800.0 4.3
172900.0 4.5
173000.0 4.4
173100.0 4.9
173200.0 4.7
173300.0 4.6
173400.0 4.5
173500.0 4.5
173600.0 4.4
173700.0 4.4
173800.0 4.8
173900.0 5.2
174000.0 4.7
174100.0 5.2
174200.0 4.5
174300.0 4.1
174400.0 4.6
174500.0 4.5
174600.0 4.2
174700.0 4.2
174800.0 4.4
174900.0 4.2
175000.0 4.2
175100.0 4.3
175200.0 4.1
175300.0 4.6
175400.0 4.5
175500.0 4.1
175600.0 4.0
175700.0 4.0
175800.0 4.2
175900.0 4.2
176000.0 4.3
176100.0 4.2
176200.0 4.5
176300.0 4.2
176400.0 4.2
176500.0 4.3
176600.0 4.0
176700.0 3.7
176800.0 3.9
176900.0 3.9
177000.0 3.8
177100.0 4.1
177200.0 3.9
177300.0 3.7
177400.0 3.7
177500.0 3.9
177600.0 4.5
177700.0 4.4
177800.0 4.4
177900.0 4.6
178000.0 4.4
178100.0 4.4
178200.0 4.5
178300.0 4.3
178400.0 4.3
178500.0 4.5
178600.0 4.2
178700.0 4.2
178800.0 4.0
178900.0 4.2
179000.0 4.5
179100.0 4.4
179200.0 4.6
179300.0 4.7
179400.0 4.1
179500.0 4.0
179600.0 3.6
179700.0 3.5
179800.0 3.3
179900.0 3.6
180000.0 3.6
180100.0 3.7
180200.0 3.5
180300.0 3.5
180400.0 4.0
180500.0 4.3
180600.0 4.5
180700.0 4.6
180800.0 4.3
180900.0 4.2
181000.0 4.0
181100.0 4.2
181200.0 3.9
181300.0 4.1
181400.0 3.8
181500.0 3.8
181600.0 3.8
181700.0 4.1
181800.0 3.8
181900.0 3.4
182000.0 3.5
182100.0 3.2
182200.0 2.8
182300.0 2.6
182400.0 3.0
182500.0 2.9
182600.0 3.0
182700.0 2.8
182800.0 2.7
182900.0 2.7
183000.0 3.2
183100.0 3.2
183200.0 3.3
183300.0 3.4
183400.0 3.1
183500.0 3.1
183600.0 3.0
183700.0 2.7
183800.0 2.9
183900.0 3.0
184000.0 3.2
184100.0 3.6
184200.0 3.3
184300.0 3.4
184400.0 3.0
184500.0 3.1
184600.0 2.9
184700.0 3.1
184800.0 3.2
184900.0 3.3
185000.0 3.2
185100.0 3.2
185200.0 3.3
185300.0 3.3
185400.0 3.2
185500.0 3.3
185600.0 3.6
185700.0 3.5
185800.0 3.3
185900.0 3.2
186000.0 3.4
186100.0 3.2
186200.0 3.7
186300.0 4.0
186400.0 3.8
186500.0 3.6
186600.0 3.5
186700.0 3.2
186800.0 3.1
186900.0 3.2
187000.0 3.1
187100.0 3.0
187200.0 3.0
187300.0 2.6
187400.0 2.7
187500.0 2.3
187600.0 2.3
187700.0 2.3
187800.0 2.1
187900.0 1.8
188000.0 1.8
188100.0 2.1
188200.0 2.1
188300.0 2.3
188400.0 2.2
188500.0 2.3
188600.0 2.2
188700.0 2.2
188800.0 2.5
188900.0 2.3
189000.0 2.5
189100.0 2.6
189200.0 2.6
189300.0 2.6
189400.0 2.7
189500.0 2.6
189600.0 2.4
189700.0 2.3
189800.0 2.0
189900.0 1.9
190000.0 1.8
190100.0 2.1
190200.0 1.9
190300.0 2.2
190400.0 2.2
190500.0 1.9
190600.0 1.7
190700.0 1.8
190800.0 2.0
190900.0 1.7
191000.0 1.6
191100.0 1.9
191200.0 1.8
191300.0 1.9
191400.0 1.9
191500.0 2.1
191600.0 2.2
191700.0 2.3
191800.0 2.1
191900.0 2.2
192000.0 2.4
192100.0 2.3
192200.0 2.6
192300.0 2.6
192400.0 2.7
192500.0 2.9
192600.0 2.3
192700.0 2.2
192800.0 2.2
192900.0 2.4
193000.0 2.5
193100.0 2.4
193200.0 2.1
193300.0 2.0
193400.0 1.9
193500.0 2.1
193600.0 2.0
193700.0 2.0
193800.0 1.9
193900.0 2.1
194000.0 2.1
194100.0 2.2
194200.0 2.3
194300.0 2.1
194400.0 2.2
194500.0 2.5
194600.0 2.3
194700.0 2.3
194800.0 2.3
194900.0 2.2
195000.0 2.3
195100.0 2.1
195200.0 2.1
195300.0 2.0
195400.0 2.1
195500.0 2.2
195600.0 2.2
195700.0 2.3
195800.0 2.5
195900.0 2.6
196000.0 2.5
196100.0 2.5
196200.0 2.7
196300.0 2.8
196400.0 2.9
196500.0 2.6
196600.0 2.7
196700.0 2.8
196800.0 3.0
196900.0 2.6
197000.0 2.2
197100.0 2.2
197200.0 2.2
197300.0 2.5
197400.0 2.6
197500.0 2.6
197600.0 2.2
197700.0 2.2
197800.0 2.6
197900.0 2.6
198000.0 2.5
198100.0 2.5
198200.0 2.6
198300.0 2.6
198400.0 2.4
198500.0 2.4
198600.0 2.4
198700.0 2.2
198800.0 2.1
198900.0 1.8
199000.0 2.0
199100.0 2.0
199200.0 2.0
199300.0 2.0
199400.0 2.1
199500.0 2.2
199600.0 2.2
199700.0 2.2
199800.0 2.1
199900.0 2.2
200000.0 2.1
200100.0 2.1
200200.0 1.9
200300.0 1.9
200400.0 1.8
200500.0 1.9
200600.0 2.0
200700.0 1.9
200800.0 2.1
200900.0 2.0
201000.0 1.9
201100.0 2.0
201200.0 2.1
201300.0 2.0
201400.0 1.8
201500.0 1.9
201600.0 2.0
201700.0 1.8
201800.0 1.7
201900.0 1.6
202000.0 1.6
202100.0 1.5
202200.0 1.5
202300.0 1.4
202400.0 1.5
202500.0 1.6
202600.0 1.6
202700.0 1.8
202800.0 1.8
202900.0 1.8
203000.0 1.7
203100.0 1.6
203200.0 1.7
203300.0 1.8
203400.0 2.0
203500.0 2.1
203600.0 2.1
203700.0 1.8
203800.0 1.8
203900.0 1.7
204000.0 1.7
204100.0 1.6
204200.0 1.7
204300.0 1.8
204400.0 1.6
204500.0 1.5
204600.0 1.6
204700.0 1.7
204800.0 1.6
204900.0 1.8
205000.0 1.8
205100.0 1.6
205200.0 1.6
205300.0 1.7
205400.0 1.6
205500.0 1.5
205600.0 1.7
205700.0 1.6
205800.0 1.5
205900.0 1.5
206000.0 1.5
206100.0 1.4
206200.0 1.4
206300.0 1.4
206400.0 1.5
206500.0 1.5
206600.0 1.7
206700.0 1.7
206800.0 1.5
206900.0 1.7
207000.0 1.8
207100.0 1.7
207200.0 1.7
207300.0 1.6
207400.0 1.5
207500.0 1.5
207600.0 1.7
207700.0 1.8
207800.0 1.9
207900.0 1.6
208000.0 1.6
208100.0 1.4
208200.0 1.4
208300.0 1.4
208400.0 1.3
208500.0 1.3
208600.0 1.3
208700.0 1.6
208800.0 1.6
208900.0 1.6
209000.0 1.5
209100.0 1.6
209200.0 1.5
209300.0 1.4
209400.0 1.4
209500.0 1.4
209600.0 1.5
209700.0 1.5
209800.0 1.5
209900.0 1.7
210000.0 1.7
210100.0 1.6
210200.0 1.8
210300.0 1.8
210400.0 1.7
210500.0 1.7
210600.0 1.7
210700.0 1.6
210800.0 1.7
210900.0 1.6
211000.0 1.6
211100.0 1.5
211200.0 1.5
211300.0 1.5
211400.0 1.4
211500.0 1.3
211600.0 1.3
211700.0 1.4
211800.0 1.5
211900.0 1.5
212000.0 1.5
212100.0 1.5
212200.0 1.5
212300.0 1.4
212400.0 1.4
212500.0 1.4
212600.0 1.4
212700.0 1.4
212800.0 1.4
212900.0 1.4
213000.0 1.4
213100.0 1.4
213200.0 1.4
213300.0 1.4
213400.0 1.4
213500.0 1.4
213600.0 1.4
213700.0 1.4
213800.0 1.7
213900.0 1.8
214000.0 1.7
214100.0 1.6
214200.0 1.4
214300.0 1.4
214400.0 1.4
214500.0 1.5
214600.0 1.5
214700.0 1.5
214800.0 1.5
214900.0 1.5
215000.0 1.5
215100.0 1.4
215200.0 1.3
215300.0 1.3
215400.0 1.3
215500.0 1.3
215600.0 1.3
215700.0 1.3
215800.0 1.3
215900.0 1.4
216000.0 1.4
216100.0 1.4
216200.0 1.6
216300.0 1.6
216400.0 1.6
216500.0 1.5
216600.0 1.5
216700.0 1.6
216800.0 1.6
216900.0 1.4
217000.0 1.5
217100.0 1.5
217200.0 1.6
217300.0 1.6
217400.0 1.6
217500.0 1.4
217600.0 1.4
217700.0 1.4
217800.0 1.5
217900.0 1.5
218000.0 1.4
218100.0 1.4
218200.0 1.4
218300.0 1.4
218400.0 1.3
218500.0 1.3
218600.0 1.3
218700.0 1.3
218800.0 1.4
218900.0 1.4
219000.0 1.4
219100.0 1.4
219200.0 1.3
219300.0 1.3
219400.0 1.3
219500.0 1.4
219600.0 1.4
219700.0 1.5
219800.0 1.5
219900.0 1.5
220000.0 1.4
220100.0 1.5
220200.0 1.5
220300.0 1.6
220400.0 1.5
220500.0 1.5
220600.0 1.5
220700.0 1.5
220800.0 1.4
220900.0 1.4
221000.0 1.4
221100.0 1.5
221200.0 1.4
221300.0 1.5
221400.0 1.5
221500.0 1.4
221600.0 1.5
221700.0 1.5
221800.0 1.6
221900.0 1.5
222000.0 1.5
222100.0 1.6
222200.0 1.6
222300.0 1.6
222400.0 1.5
222500.0 1.5
222600.0 1.4
222700.0 1.5
222800.0 1.4
222900.0 1.3
223000.0 1.3
223100.0 1.3
223200.0 1.3
223300.0 1.3
223400.0 1.2
223500.0 1.2
223600.0 1.2
223700.0 1.2
223800.0 1.2
223900.0 1.3
224000.0 1.2
224100.0 1.2
224200.0 1.1
224300.0 1.2
224400.0 1.1
224500.0 1.1
224600.0 1.1
224700.0 1.1
224800.0 1.1
224900.0 1.1
225000.0 1.1
225100.0 1.1
225200.0 1.1
225300.0 1.1
225400.0 1.2
225500.0 1.2
225600.0 1.2
225700.0 1.2
225800.0 1.3
225900.0 1.3
226000.0 1.3
226100.0 1.3
226200.0 1.3
226300.0 1.4
226400.0 1.4
226500.0 1.3
226600.0 1.3
226700.0 1.3
226800.0 1.2
226900.0 1.2
227000.0 1.2
227100.0 1.3
227200.0 1.3
227300.0 1.3
227400.0 1.4
227500.0 1.5
227600.0 1.3
227700.0 1.2
227800.0 1.1
227900.0 1.1
228000.0 1.1
228100.0 1.1
228200.0 1.1
228300.0 1.1
228400.0 1.2
228500.0 1.2
228600.0 1.2
228700.0 1.2
228800.0 1.1
228900.0 1.1
229000.0 1.1
229100.0 1.1
229200.0 1.1
229300.0 1.1
229400.0 1.1
229500.0 1.1
229600.0 1.1
229700.0 1.0
229800.0 1.1
229900.0 1.1
230000.0 1.1
230100.0 1.1
230200.0 1.1
230300.0 1.1
230400.0 1.1
230500.0 1.1
230600.0 1.0
230700.0 1.0
230800.0 1.0
230900.0 1.0
231000.0 1.0
231100.0 1.0
231200.0 1.0
231300.0 1.0
231400.0 1.0
231500.0 1.0
231600.0 1.0
231700.0 1.0
231800.0 1.1
231900.0 1.1
232000.0 1.1
232100.0 1.1
232200.0 1.1
232300.0 1.0
232400.0 1.0
232500.0 1.0
232600.0 1.0
232700.0 1.0
232800.0 1.0
232900.0 1.0
233000.0 1.0
233100.0 1.0
233200.0 1.0
233300.0 1.0
233400.0 1.0
233500.0 1.0
233600.0 1.0
233700.0 1.0
233800.0 1.0
233900.0 1.0
234000.0 1.0
234100.0 1.0
234200.0 1.0
234300.0 1.0
234400.0 1.0
234500.0 1.0
234600.0 1.0
234700.0 1.0
234800.0 1.0
234900.0 1.1
235000.0 1.1
235100.0 1.0
235200.0 1.0
235300.0 1.0
235400.0 1.0
235500.0 1.0
235600.0 1.0
235700.0 1.0
235800.0 1.0
235900.0 1.0
236000.0 1.0
236100.0 1.0
236200.0 1.0
236300.0 1.0
236400.0 1.0
236500.0 1.0
236600.0 1.0
236700.0 1.0
236800.0 1.0
236900.0 1.0
237000.0 1.0
237100.0 1.0
237200.0 1.0
237300.0 1.0
237400.0 1.0
237500.0 1.0
237600.0 1.0
237700.0 1.0
237800.0 1.0
237900.0 1.0
238000.0 1.0
238100.0 1.0
238200.0 1.0
238300.0 1.0
238400.0 1.0
238500.0 1.0
238600.0 1.0
238700.0 1.0
238800.0 1.0
238900.0 1.0
239000.0 1.0
239100.0 1.0
239200.0 1.0
239300.0 1.0
239400.0 1.0
239500.0 1.0
239600.0 1.0
239700.0 1.0
239800.0 1.0
239900.0 1.0
240000.0 1.0
240100.0 1.0
240200.0 1.0
240300.0 1.0
240400.0 1.0
240500.0 1.0
240600.0 1.0
240700.0 1.0
240800.0 1.0
240900.0 1.0
241000.0 1.0
241100.0 1.0
241200.0 1.0
241300.0 1.0
241400.0 1.0
241500.0 1.0
241600.0 1.0
241700.0 1.0
241800.0 1.0
241900.0 1.0
242000.0 1.0
242100.0 1.0
242200.0 1.0
242300.0 1.0
242400.0 1.0
242500.0 1.0
242600.0 1.0
242700.0 1.0
242800.0 1.0
242900.0 1.0
243000.0 0.9
243100.0 0.9
243200.0 0.9
243300.0 0.9
243400.0 0.9
243500.0 0.9
243600.0 0.9
243700.0 0.9
243800.0 0.9
243900.0 0.9
244000.0 0.9
244100.0 0.9
244200.0 0.9
244300.0 0.9
244400.0 0.9
244500.0 0.9
244600.0 0.9
244700.0 0.9
244800.0 0.9
244900.0 0.9
245000.0 0.9
245100.0 0.9
245200.0 0.9
245300.0 0.9
245400.0 0.9
245500.0 0.9
245600.0 0.9
245700.0 0.9
245800.0 0.9
245900.0 0.9
246000.0 0.9
246100.0 0.9
246200.0 0.9
246300.0 0.9
246400.0 0.9
246500.0 0.9
246600.0 0.9
246700.0 0.9
246800.0 0.9
246900.0 0.9
247000.0 0.9
247100.0 0.9
247200.0 0.9
247300.0 0.9
247400.0 0.9
247500.0 0.9
247600.0 0.9
247700.0 0.9
247800.0 0.9
247900.0 0.9
248000.0 0.9
248100.0 0.9
248200.0 0.9
248300.0 0.9
248400.0 0.9
248500.0 0.9
248600.0 0.9
248700.0 0.9
248800.0 0.9
248900.0 0.9
249000.0 0.9
249100.0 0.9
249200.0 0.9
249300.0 0.9
249400.0 0.9
249500.0 0.9
249600.0 0.9
249700.0 0.9
249800.0 0.9
249900.0 0.9
250000.0 0.9
250100.0 0.9
250200.0 0.9
250300.0 0.9
250400.0 0.9
250500.0 0.9
250600.0 0.9
250700.0 0.9
250800.0 0.9
250900.0 0.9
251000.0 0.9
251100.0 0.9
251200.0 0.9
251300.0 0.9
251400.0 0.9
251500.0 0.9
251600.0 0.9
251700.0 0.9
251800.0 0.9
251900.0 0.9
252000.0 0.9
252100.0 0.9
252200.0 0.9
252300.0 0.9
252400.0 0.9
252500.0 0.9
252600.0 0.9
252700.0 0.9
252800.0 0.9
252900.0 0.9
253000.0 0.9
253100.0 0.8
253200.0 0.8
253300.0 0.8
253400.0 0.8
253500.0 0.8
253600.0 0.8
253700.0 0.8
253800.0 0.8
253900.0 0.8
254000.0 0.8
254100.0 0.8
254200.0 0.8
254300.0 0.8
254400.0 0.8
254500.0 0.8
254600.0 0.8
254700.0 0.8
254800.0 0.8
254900.0 0.8
255000.0 0.8
255100.0 0.8
255200.0 0.8
255300.0 0.8
255400.0 0.7
255500.0 0.7
255600.0 0.7
255700.0 0.7
255800.0 0.7
255900.0 0.7
256000.0 0.7
256100.0 0.7
256200.0 0.7
256300.0 0.7
256400.0 0.7
256500.0 0.7
256600.0 0.7
256700.0 0.7
256800.0 0.7
256900.0 0.7
257000.0 0.7
257100.0 0.7
257200.0 0.7
257300.0 0.7
257400.0 0.7
257500.0 0.7
257600.0 0.7
257700.0 0.7
257800.0 0.7
257900.0 0.7
258000.0 0.7
258100.0 0.7
258200.0 0.7
258300.0 0.7
258400.0 0.7
258500.0 0.7
258600.0 0.7
258700.0 0.7
258800.0 0.7
258900.0 0.7
259000.0 0.7
259100.0 0.7
259200.0 0.7
259300.0 0.7
259400.0 0.7
259500.0 0.7
259600.0 0.7
259700.0 0.7
259800.0 0.7
259900.0 0.7
260000.0 0.7
260100.0 0.7
260200.0 0.7
260300.0 0.7
260400.0 0.7
260500.0 0.7
260600.0 0.7
260700.0 0.7
260800.0 0.7
260900.0 0.7
261000.0 0.7
261100.0 0.7
261200.0 0.7
261300.0 0.7
261400.0 0.7
261500.0 0.7
261600.0 0.7
261700.0 0.7
261800.0 0.7
261900.0 0.7
262000.0 0.7
262100.0 0.7
262200.0 0.7
262300.0 0.7
262400.0 0.7
262500.0 0.7
262600.0 0.7
262700.0 0.7
262800.0 0.7
262900.0 0.7
263000.0 0.7
263100.0 0.7
263200.0 0.7
263300.0 0.7
263400.0 0.7
263500.0 0.7
263600.0 0.7
263700.0 0.7
263800.0 0.7
263900.0 0.7
264000.0 0.7
264100.0 0.7
264200.0 0.7
264300.0 0.7
264400.0 0.7
264500.0 0.7
264600.0 0.7
264700.0 0.7
264800.0 0.7
264900.0 0.7
265000.0 0.7
265100.0 0.7
265200.0 0.7
265300.0 0.7
265400.0 0.7
265500.0 0.7
265600.0 0.7
265700.0 0.7
265800.0 0.7
265900.0 0.7
266000.0 0.7
266100.0 0.7
266200.0 0.7
266300.0 0.7
266400.0 0.7
266500.0 0.7
266600.0 0.7
266700.0 0.7
266800.0 0.7
266900.0 0.7
267000.0 0.7
267100.0 0.7
267200.0 0.7
267300.0 0.7
267400.0 0.7
267500.0 0.7
267600.0 0.7
267700.0 0.7
267800.0 0.7
267900.0 0.7
268000.0 0.7
268100.0 0.7
268200.0 0.7
268300.0 0.7
268400.0 0.7
268500.0 0.7
268600.0 0.7
268700.0 0.7
268800.0 0.7
268900.0 0.7
269000.0 0.7
269100.0 0.7
269200.0 0.7
269300.0 0.6
269400.0 0.6
269500.0 0.6
269600.0 0.6
269700.0 0.6
269800.0 0.6
269900.0 0.6
270000.0 0.6
270100.0 0.6
270200.0 0.6
270300.0 0.6
270400.0 0.6
270500.0 0.6
270600.0 0.6
270700.0 0.6
270800.0 0.6
270900.0 0.6
271000.0 0.6
271100.0 0.6
271200.0 0.6
271300.0 0.6
271400.0 0.6
271500.0 0.6
271600.0 0.6
271700.0 0.6
271800.0 0.6
271900.0 0.6
272000.0 0.6
272100.0 0.6
272200.0 0.6
272300.0 0.6
272400.0 0.6
272500.0 0.6
272600.0 0.6
272700.0 0.6
272800.0 0.6
272900.0 0.6
273000.0 0.6
273100.0 0.6
273200.0 0.6
273300.0 0.6
273400.0 0.6
273500.0 0.6
273600.0 0.6
273700.0 0.6
273800.0 0.6
273900.0 0.6
274000.0 0.6
274100.0 0.6
274200.0 0.6
274300.0 0.6
274400.0 0.6
274500.0 0.6
274600.0 0.6
274700.0 0.6
274800.0 0.6
274900.0 0.6
275000.0 0.6
275100.0 0.6
275200.0 0.6
275300.0 0.6
275400.0 0.6
275500.0 0.6
275600.0 0.6
275700.0 0.6
275800.0 0.6
275900.0 0.6
276000.0 0.6
276100.0 0.6
276200.0 0.6
276300.0 0.6
276400.0 0.6
276500.0 0.6
276600.0 0.6
276700.0 0.6
276800.0 0.6
276900.0 0.6
277000.0 0.6
277100.0 0.6
277200.0 0.6
277300.0 0.6
277400.0 0.6
277500.0 0.6
277600.0 0.6
277700.0 0.6
277800.0 0.6
277900.0 0.6
278000.0 0.6
278100.0 0.6
278200.0 0.6
278300.0 0.6
278400.0 0.6
278500.0 0.6
278600.0 0.6
278700.0 0.6
278800.0 0.6
278900.0 0.6
279000.0 0.6
279100.0 0.6
279200.0 0.6
279300.0 0.6
279400.0 0.6
279500.0 0.6
279600.0 0.6
279700.0 0.6
279800.0 0.6
279900.0 0.6
280000.0 0.6
280100.0 0.6
280200.0 0.6
280300.0 0.6
280400.0 0.6
280500.0 0.6
280600.0 0.6
280700.0 0.6
280800.0 0.6
280900.0 0.6
281000.0 0.6
281100.0 0.6
281200.0 0.6
281300.0 0.6
281400.0 0.6
281500.0 0.6
281600.0 0.6
281700.0 0.6
281800.0 0.6
281900.0 0.6
282000.0 0.6
282100.0 0.6
282200.0 0.6
282300.0 0.6
282400.0 0.6
282500.0 0.6
282600.0 0.6
282700.0 0.6
282800.0 0.6
282900.0 0.6
283000.0 0.6
283100.0 0.6
283200.0 0.6
283300.0 0.6
283400.0 0.6
283500.0 0.6
283600.0 0.6
283700.0 0.6
283800.0 0.6
283900.0 0.6
284000.0 0.6
284100.0 0.6
284200.0 0.6
284300.0 0.6
284400.0 0.6
284500.0 0.6
284600.0 0.6
284700.0 0.6
284800.0 0.6
284900.0 0.6
285000.0 0.6
285100.0 0.6
285200.0 0.6
285300.0 0.6
285400.0 0.6
285500.0 0.6
285600.0 0.6
285700.0 0.6
285800.0 0.6
285900.0 0.6
286000.0 0.6
286100.0 0.6
286200.0 0.6
286300.0 0.6
286400.0 0.6
286500.0 0.6
286600.0 0.6
286700.0 0.6
286800.0 0.6
286900.0 0.6
287000.0 0.6
287100.0 0.6
287200.0 0.6
287300.0 0.6
287400.0 0.6
287500.0 0.6
287600.0 0.6
287700.0 0.6
287800.0 0.6
287900.0 0.6
288000.0 0.6
288100.0 0.6
288200.0 0.6
288300.0 0.6
288400.0 0.6
288500.0 0.6
288600.0 0.6
288700.0 0.6
288800.0 0.6
288900.0 0.6
289000.0 0.6
289100.0 0.6
289200.0 0.6
289300.0 0.6
289400.0 0.6
289500.0 0.6
289600.0 0.6
289700.0 0.6
289800.0 0.6
289900.0 0.6
290000.0 0.6
290100.0 0.6
290200.0 0.6
290300.0 0.6
290400.0 0.6
290500.0 0.6
290600.0 0.6
290700.0 0.6
290800.0 0.6
290900.0 0.6
291000.0 0.6
291100.0 0.6
291200.0 0.6
291300.0 0.6
291400.0 0.6
291500.0 0.6
291600.0 0.6
291700.0 0.6
291800.0 0.6
291900.0 0.6
292000.0 0.6
292100.0 0.6
292200.0 0.6
292300.0 0.6
292400.0 0.6
292500.0 0.6
292600.0 0.6
292700.0 0.6
292800.0 0.6
292900.0 0.6
293000.0 0.6
293100.0 0.6
293200.0 0.6
293300.0 0.6
293400.0 0.6
293500.0 0.6
293600.0 0.6
293700.0 0.6
293800.0 0.6
293900.0 0.6
294000.0 0.6
294100.0 0.6
294200.0 0.6
294300.0 0.6
294400.0 0.6
294500.0 0.6
294600.0 0.6
294700.0 0.6
294800.0 0.6
294900.0 0.6
295000.0 0.6
295100.0 0.6
295200.0 0.6
295300.0 0.6
295400.0 0.6
295500.0 0.6
295600.0 0.6
295700.0 0.6
295800.0 0.6
295900.0 0.6
296000.0 0.6
296100.0 0.6
296200.0 0.6
296300.0 0.6
296400.0 0.6
296500.0 0.6
296600.0 0.6
296700.0 0.6
296800.0 0.6
296900.0 0.6
297000.0 0.6
297100.0 0.6
297200.0 0.6
297300.0 0.6
297400.0 0.6
297500.0 0.6
297600.0 0.6
297700.0 0.6
297800.0 0.6
297900.0 0.6
298000.0 0.6
298100.0 0.6
298200.0 0.6
298300.0 0.6
298400.0 0.6
298500.0 0.6
298600.0 0.6
298700.0 0.6
298800.0 0.6
298900.0 0.6
299000.0 0.6
299100.0 0.6
299200.0 0.6
299300.0 0.6
299400.0 0.6
299500.0 0.6
299600.0 0.6
299700.0 0.6
299800.0 0.6
299900.0 0.6
300000.0 0.6
300100.0 0.6
300200.0 0.6
300300.0 0.6
300400.0 0.6
300500.0 0.6
300600.0 0.6
300700.0 0.6
300800.0 0.6
300900.0 0.6
301000.0 0.6
301100.0 0.6
301200.0 0.6
301300.0 0.6
301400.0 0.6
301500.0 0.6
301600.0 0.6
301700.0 0.6
301800.0 0.6
301900.0 0.6
302000.0 0.6
302100.0 0.6
302200.0 0.6
302300.0 0.6
302400.0 0.6
302500.0 0.6
302600.0 0.6
302700.0 0.6
302800.0 0.6
302900.0 0.6
303000.0 0.6
303100.0 0.6
303200.0 0.6
303300.0 0.6
303400.0 0.6
303500.0 0.6
303600.0 0.6
303700.0 0.6
303800.0 0.6
303900.0 0.6
304000.0 0.6
304100.0 0.6
304200.0 0.6
304300.0 0.6
304400.0 0.6
304500.0 0.6
304600.0 0.6
304700.0 0.6
304800.0 0.6
304900.0 0.6
305000.0 0.6
305100.0 0.6
305200.0 0.6
305300.0 0.6
305400.0 0.6
305500.0 0.6
305600.0 0.6
305700.0 0.6
305800.0 0.6
305900.0 0.6
306000.0 0.6
306100.0 0.6
306200.0 0.6
306300.0 0.6
306400.0 0.6
306500.0 0.6
306600.0 0.6
306700.0 0.6
306800.0 0.6
306900.0 0.6
307000.0 0.6
307100.0 0.6
307200.0 0.6
307300.0 0.6
307400.0 0.6
307500.0 0.6
307600.0 0.6
307700.0 0.6
307800.0 0.6
307900.0 0.6
308000.0 0.6
308100.0 0.6
308200.0 0.6
308300.0 0.6
308400.0 0.6
308500.0 0.6
308600.0 0.6
308700.0 0.6
308800.0 0.6
308900.0 0.6
309000.0 0.6
309100.0 0.6
309200.0 0.6
309300.0 0.6
309400.0 0.6
309500.0 0.6
309600.0 0.6
309700.0 0.6
309800.0 0.6
309900.0 0.6
310000.0 0.6
310100.0 0.6
310200.0 0.6
310300.0 0.6
310400.0 0.6
310500.0 0.6
310600.0 0.6
310700.0 0.6
310800.0 0.6
310900.0 0.6
311000.0 0.6
311100.0 0.6
311200.0 0.6
311300.0 0.6
311400.0 0.6
311500.0 0.6
311600.0 0.6
311700.0 0.6
311800.0 0.6
311900.0 0.6
312000.0 0.6
312100.0 0.6
312200.0 0.6
312300.0 0.6
312400.0 0.6
312500.0 0.6
312600.0 0.6
312700.0 0.6
312800.0 0.6
312900.0 0.6
313000.0 0.6
313100.0 0.6
313200.0 0.6
313300.0 0.6
313400.0 0.6
313500.0 0.6
313600.0 0.6
313700.0 0.6
313800.0 0.6
313900.0 0.6
314000.0 0.6
314100.0 0.6
314200.0 0.6
314300.0 0.6
314400.0 0.6
314500.0 0.6
314600.0 0.6
314700.0 0.6
314800.0 0.6
314900.0 0.6
315000.0 0.6
315100.0 0.6
315200.0 0.6
315300.0 0.6
315400.0 0.6
315500.0 0.6
315600.0 0.6
315700.0 0.6
315800.0 0.6
315900.0 0.6
316000.0 0.6
316100.0 0.6
316200.0 0.6
316300.0 0.6
316400.0 0.6
316500.0 0.6
316600.0 0.6
316700.0 0.6
316800.0 0.6
316900.0 0.6
317000.0 0.6
317100.0 0.6
317200.0 0.6
317300.0 0.6
317400.0 0.6
317500.0 0.6
317600.0 0.6
317700.0 0.6
317800.0 0.6
317900.0 0.6
318000.0 0.6
318100.0 0.6
318200.0 0.6
318300.0 0.6
318400.0 0.6
318500.0 0.6
318600.0 0.6
318700.0 0.6
318800.0 0.6
318900.0 0.6
319000.0 0.6
319100.0 0.6
319200.0 0.6
319300.0 0.6
319400.0 0.6
319500.0 0.6
319600.0 0.6
319700.0 0.6
319800.0 0.6
319900.0 0.6
320000.0 0.6
320100.0 0.6
320200.0 0.6
320300.0 0.6
320400.0 0.6
320500.0 0.6
320600.0 0.6
320700.0 0.6
320800.0 0.6
320900.0 0.6
321000.0 0.6
321100.0 0.6
321200.0 0.6
321300.0 0.6
321400.0 0.6
321500.0 0.5
321600.0 0.5
321700.0 0.5
321800.0 0.5
321900.0 0.5
322000.0 0.5
322100.0 0.5
322200.0 0.5
322300.0 0.5
322400.0 0.5
322500.0 0.5
322600.0 0.5
322700.0 0.5
322800.0 0.5
322900.0 0.5
323000.0 0.5
323100.0 0.5
323200.0 0.5
323300.0 0.5
323400.0 0.5
323500.0 0.5
323600.0 0.5
323700.0 0.5
323800.0 0.5
323900.0 0.5
324000.0 0.5
324100.0 0.5
324200.0 0.5
324300.0 0.5
324400.0 0.5
324500.0 0.5
324600.0 0.5
324700.0 0.5
324800.0 0.5
324900.0 0.5
325000.0 0.5
325100.0 0.5
325200.0 0.5
325300.0 0.5
325400.0 0.5
325500.0 0.5
325600.0 0.5
325700.0 0.5
325800.0 0.5
325900.0 0.5
326000.0 0.5
326100.0 0.5
326200.0 0.5
326300.0 0.5
326400.0 0.5
326500.0 0.5
326600.0 0.5
326700.0 0.5
326800.0 0.5
326900.0 0.5
327000.0 0.5
327100.0 0.5
327200.0 0.5
327300.0 0.5
327400.0 0.5
327500.0 0.5
327600.0 0.5
327700.0 0.5
327800.0 0.5
327900.0 0.5
328000.0 0.5
328100.0 0.5
328200.0 0.5
328300.0 0.5
328400.0 0.5
328500.0 0.5
328600.0 0.5
328700.0 0.5
328800.0 0.5
328900.0 0.5
329000.0 0.5
329100.0 0.5
329200.0 0.5
329300.0 0.5
329400.0 0.5
329500.0 0.5
329600.0 0.5
329700.0 0.5
329800.0 0.5
329900.0 0.5
330000.0 0.5
330100.0 0.5
330200.0 0.5
330300.0 0.5
330400.0 0.5
330500.0 0.5
330600.0 0.5
330700.0 0.5
330800.0 0.5
330900.0 0.5
331000.0 0.5
331100.0 0.5
331200.0 0.5
331300.0 0.5
331400.0 0.5
331500.0 0.5
331600.0 0.5
331700.0 0.5
331800.0 0.5
331900.0 0.5
332000.0 0.5
332100.0 0.5
332200.0 0.5
332300.0 0.5
332400.0 0.5
332500.0 0.5
332600.0 0.5
332700.0 0.5
332800.0 0.5
332900.0 0.5
333000.0 0.5
333100.0 0.5
333200.0 0.5
333300.0 0.5
333400.0 0.5
333500.0 0.5
333600.0 0.5
333700.0 0.5
333800.0 0.5
333900.0 0.5
334000.0 0.5
334100.0 0.5
334200.0 0.5
334300.0 0.5
334400.0 0.5
334500.0 0.5
334600.0 0.5
334700.0 0.5
334800.0 0.5
334900.0 0.5
335000.0 0.5
335100.0 0.5
335200.0 0.5
335300.0 0.5
335400.0 0.5
335500.0 0.5
335600.0 0.5
335700.0 0.5
335800.0 0.5
335900.0 0.5
336000.0 0.5
336100.0 0.5
336200.0 0.5
336300.0 0.5
336400.0 0.5
336500.0 0.5
336600.0 0.5
336700.0 0.5
336800.0 0.5
336900.0 0.5
337000.0 0.5
337100.0 0.5
337200.0 0.5
337300.0 0.5
337400.0 0.5
337500.0 0.5
337600.0 0.5
337700.0 0.5
337800.0 0.5
337900.0 0.5
338000.0 0.5
338100.0 0.5
338200.0 0.5
338300.0 0.5
338400.0 0.5
338500.0 0.5
338600.0 0.5
338700.0 0.5
338800.0 0.5
338900.0 0.5
339000.0 0.5
339100.0 0.5
339200.0 0.5
339300.0 0.5
339400.0 0.5
339500.0 0.5
339600.0 0.5
339700.0 0.5
339800.0 0.5
339900.0 0.5
340000.0 0.5
340100.0 0.5
340200.0 0.5
340300.0 0.5
340400.0 0.5
340500.0 0.5
340600.0 0.5
340700.0 0.5
340800.0 0.5
340900.0 0.5
341000.0 0.5
341100.0 0.5
341200.0 0.5
341300.0 0.5
341400.0 0.5
341500.0 0.5
341600.0 0.5
341700.0 0.5
341800.0 0.5
341900.0 0.5
342000.0 0.5
342100.0 0.5
342200.0 0.5
342300.0 0.5
342400.0 0.5
342500.0 0.5
342600.0 0.5
342700.0 0.5
342800.0 0.5
342900.0 0.5
343000.0 0.5
343100.0 0.5
343200.0 0.5
343300.0 0.5
343400.0 0.5
343500.0 0.5
343600.0 0.4
343700.0 0.4
343800.0 0.4
343900.0 0.4
344000.0 0.4
344100.0 0.4
344200.0 0.4
344300.0 0.4
344400.0 0.4
344500.0 0.4
344600.0 0.4
344700.0 0.4
344800.0 0.4
344900.0 0.4
345000.0 0.4
345100.0 0.4
345200.0 0.4
345300.0 0.4
345400.0 0.4
345500.0 0.4
345600.0 0.4
345700.0 0.4
345800.0 0.4
345900.0 0.4
346000.0 0.4
346100.0 0.4
346200.0 0.4
346300.0 0.4
346400.0 0.4
346500.0 0.4
346600.0 0.4
346700.0 0.4
346800.0 0.4
346900.0 0.4
347000.0 0.4
347100.0 0.4
347200.0 0.4
347300.0 0.4
347400.0 0.4
347500.0 0.4
347600.0 0.4
347700.0 0.4
347800.0 0.4
347900.0 0.4
348000.0 0.4
348100.0 0.4
348200.0 0.4
348300.0 0.4
348400.0 0.4
348500.0 0.4
348600.0 0.4
348700.0 0.4
348800.0 0.4
348900.0 0.4
349000.0 0.4
349100.0 0.4
349200.0 0.4
349300.0 0.4
349400.0 0.4
349500.0 0.4
349600.0 0.4
349700.0 0.4
349800.0 0.4
349900.0 0.4
350000.0 0.4
350100.0 0.4
350200.0 0.4
350300.0 0.4
350400.0 0.4
350500.0 0.4
350600.0 0.4
350700.0 0.4
350800.0 0.4
350900.0 0.4
351000.0 0.4
351100.0 0.4
351200.0 0.4
351300.0 0.4
351400.0 0.4
351500.0 0.4
351600.0 0.4
351700.0 0.4
351800.0 0.4
351900.0 0.4
352000.0 0.4
352100.0 0.4
352200.0 0.4
352300.0 0.4
352400.0 0.4
352500.0 0.4
352600.0 0.4
352700.0 0.4
352800.0 0.4
352900.0 0.4
353000.0 0.4
353100.0 0.4
353200.0 0.4
353300.0 0.4
353400.0 0.4
353500.0 0.4
353600.0 0.4
353700.0 0.4
353800.0 0.4
353900.0 0.4
354000.0 0.4
354100.0 0.4
354200.0 0.4
354300.0 0.4
354400.0 0.4
354500.0 0.4
354600.0 0.4
354700.0 0.4
354800.0 0.4
354900.0 0.4
355000.0 0.4
355100.0 0.4
355200.0 0.4
355300.0 0.4
355400.0 0.4
355500.0 0.4
355600.0 0.4
355700.0 0.4
355800.0 0.4
355900.0 0.4
356000.0 0.4
356100.0 0.4
356200.0 0.4
356300.0 0.4
356400.0 0.4
356500.0 0.4
356600.0 0.4
356700.0 0.4
356800.0 0.4
356900.0 0.4
357000.0 0.4
357100.0 0.4
357200.0 0.4
357300.0 0.4
357400.0 0.4
357500.0 0.4
357600.0 0.4
357700.0 0.4
357800.0 0.4
357900.0 0.4
358000.0 0.4
358100.0 0.4
358200.0 0.4
358300.0 0.4
358400.0 0.4
358500.0 0.4
358600.0 0.4
358700.0 0.4
358800.0 0.4
358900.0 0.4
359000.0 0.4
359100.0 0.4
359200.0 0.4
359300.0 0.4
359400.0 0.4
359500.0 0.4
359600.0 0.4
359700.0 0.4
359800.0 0.4
359900.0 0.4
360000.0 0.4
360100.0 0.4
360200.0 0.4
360300.0 0.4
360400.0 0.4
360500.0 0.4
360600.0 0.4
360700.0 0.4
360800.0 0.4
360900.0 0.4
361000.0 0.4
361100.0 0.4
361200.0 0.4
361300.0 0.4
361400.0 0.4
361500.0 0.4
361600.0 0.4
361700.0 0.4
361800.0 0.4
361900.0 0.4
362000.0 0.4
362100.0 0.4
362200.0 0.4
362300.0 0.4
362400.0 0.4
362500.0 0.4
362600.0 0.4
362700.0 0.4
362800.0 0.4
362900.0 0.4
363000.0 0.4
363100.0 0.4
363200.0 0.4
363300.0 0.4
363400.0 0.4
363500.0 0.4
363600.0 0.4
363700.0 0.4
363800.0 0.4
363900.0 0.4
364000.0 0.4
364100.0 0.4
364200.0 0.4
364300.0 0.4
364400.0 0.4
364500.0 0.4
364600.0 0.4
364700.0 0.4
364800.0 0.4
364900.0 0.4
365000.0 0.4
365100.0 0.4
365200.0 0.4
365300.0 0.4
365400.0 0.4
365500.0 0.4
365600.0 0.4
365700.0 0.4
365800.0 0.4
365900.0 0.4
366000.0 0.4
366100.0 0.4
366200.0 0.4
366300.0 0.4
366400.0 0.4
366500.0 0.4
366600.0 0.4
366700.0 0.4
366800.0 0.4
366900.0 0.4
367000.0 0.4
367100.0 0.4
367200.0 0.4
367300.0 0.4
367400.0 0.4
367500.0 0.4
367600.0 0.4
367700.0 0.4
367800.0 0.4
367900.0 0.4
368000.0 0.4
368100.0 0.4
368200.0 0.4
368300.0 0.4
368400.0 0.4
368500.0 0.4
368600.0 0.4
368700.0 0.4
368800.0 0.4
368900.0 0.4
369000.0 0.4
369100.0 0.4
369200.0 0.4
369300.0 0.4
369400.0 0.4
369500.0 0.4
369600.0 0.4
369700.0 0.4
369800.0 0.4
369900.0 0.4
370000.0 0.4
370100.0 0.4
370200.0 0.4
370300.0 0.4
370400.0 0.4
370500.0 0.4
370600.0 0.4
370700.0 0.4
370800.0 0.4
370900.0 0.4
371000.0 0.4
371100.0 0.4
371200.0 0.4
371300.0 0.4
371400.0 0.4
371500.0 0.4
371600.0 0.4
371700.0 0.4
371800.0 0.4
371900.0 0.4
372000.0 0.4
372100.0 0.4
372200.0 0.4
372300.0 0.4
372400.0 0.4
372500.0 0.4
372600.0 0.4
372700.0 0.4
372800.0 0.4
372900.0 0.4
373000.0 0.4
373100.0 0.4
373200.0 0.4
373300.0 0.4
373400.0 0.4
373500.0 0.4
373600.0 0.4
373700.0 0.4
373800.0 0.4
373900.0 0.4
374000.0 0.4
374100.0 0.4
374200.0 0.4
374300.0 0.4
374400.0 0.4
374500.0 0.4
374600.0 0.4
374700.0 0.4
374800.0 0.4
374900.0 0.4
375000.0 0.4
375100.0 0.4
375200.0 0.4
375300.0 0.4
375400.0 0.4
375500.0 0.4
375600.0 0.4
375700.0 0.4
375800.0 0.4
375900.0 0.4
376000.0 0.4
376100.0 0.4
376200.0 0.4
376300.0 0.4
376400.0 0.4
376500.0 0.4
376600.0 0.4
376700.0 0.4
376800.0 0.4
376900.0 0.4
377000.0 0.4
377100.0 0.4
377200.0 0.4
377300.0 0.4
377400.0 0.4
377500.0 0.4
377600.0 0.4
377700.0 0.4
377800.0 0.4
377900.0 0.4
378000.0 0.4
378100.0 0.4
378200.0 0.4
378300.0 0.4
378400.0 0.4
378500.0 0.4
378600.0 0.4
378700.0 0.4
378800.0 0.4
378900.0 0.4
379000.0 0.4
379100.0 0.4
379200.0 0.4
379300.0 0.4
379400.0 0.4
379500.0 0.4
379600.0 0.4
379700.0 0.4
379800.0 0.4
379900.0 0.4
380000.0 0.4
380100.0 0.4
380200.0 0.4
380300.0 0.4
380400.0 0.4
380500.0 0.4
380600.0 0.4
380700.0 0.4
380800.0 0.4
380900.0 0.4
381000.0 0.4
381100.0 0.4
381200.0 0.4
381300.0 0.4
381400.0 0.4
381500.0 0.4
381600.0 0.4
381700.0 0.4
381800.0 0.4
381900.0 0.4
382000.0 0.4
382100.0 0.4
382200.0 0.4
382300.0 0.4
382400.0 0.4
382500.0 0.4
382600.0 0.4
382700.0 0.4
382800.0 0.4
382900.0 0.4
383000.0 0.4
383100.0 0.4
383200.0 0.4
383300.0 0.4
383400.0 0.4
383500.0 0.4
383600.0 0.4
383700.0 0.4
383800.0 0.4
383900.0 0.4
384000.0 0.4
384100.0 0.4
384200.0 0.4
384300.0 0.4
384400.0 0.3
384500.0 0.3
384600.0 0.3
384700.0 0.3
384800.0 0.3
384900.0 0.3
385000.0 0.3
385100.0 0.3
385200.0 0.3
385300.0 0.3
385400.0 0.3
385500.0 0.3
385600.0 0.3
385700.0 0.3
385800.0 0.3
385900.0 0.3
386000.0 0.3
386100.0 0.3
386200.0 0.3
386300.0 0.3
386400.0 0.3
386500.0 0.3
386600.0 0.3
386700.0 0.3
386800.0 0.3
386900.0 0.3
387000.0 0.3
387100.0 0.3
387200.0 0.3
387300.0 0.3
387400.0 0.3
387500.0 0.3
387600.0 0.3
387700.0 0.3
387800.0 0.3
387900.0 0.3
388000.0 0.3
388100.0 0.3
388200.0 0.3
388300.0 0.3
388400.0 0.3
388500.0 0.3
388600.0 0.3
388700.0 0.3
388800.0 0.3
388900.0 0.3
389000.0 0.3
389100.0 0.3
389200.0 0.3
389300.0 0.3
389400.0 0.3
389500.0 0.3
389600.0 0.3
389700.0 0.3
389800.0 0.3
389900.0 0.3
390000.0 0.3
390100.0 0.3
390200.0 0.3
390300.0 0.3
390400.0 0.3
390500.0 0.3
390600.0 0.3
390700.0 0.3
390800.0 0.3
390900.0 0.3
391000.0 0.3
391100.0 0.3
391200.0 0.3
391300.0 0.3
391400.0 0.3
391500.0 0.3
391600.0 0.3
391700.0 0.3
391800.0 0.3
391900.0 0.3
392000.0 0.3
392100.0 0.3
392200.0 0.3
392300.0 0.3
392400.0 0.3
392500.0 0.3
392600.0 0.3
392700.0 0.3
392800.0 0.3
392900.0 0.3
393000.0 0.3
393100.0 0.3
393200.0 0.3
393300.0 0.3
393400.0 0.3
393500.0 0.3
393600.0 0.3
393700.0 0.3
393800.0 0.3
393900.0 0.3
394000.0 0.3
394100.0 0.3
394200.0 0.3
394300.0 0.3
394400.0 0.3
394500.0 0.3
394600.0 0.3
394700.0 0.3
394800.0 0.3
394900.0 0.3
395000.0 0.3
395100.0 0.3
395200.0 0.3
395300.0 0.3
395400.0 0.3
395500.0 0.3
395600.0 0.3
395700.0 0.3
395800.0 0.3
395900.0 0.3
396000.0 0.3
396100.0 0.3
396200.0 0.3
396300.0 0.3
396400.0 0.3
396500.0 0.3
396600.0 0.3
396700.0 0.3
396800.0 0.3
396900.0 0.3
397000.0 0.3
397100.0 0.3
397200.0 0.3
397300.0 0.3
397400.0 0.3
397500.0 0.3
397600.0 0.3
397700.0 0.3
397800.0 0.3
397900.0 0.3
398000.0 0.3
398100.0 0.3
398200.0 0.3
398300.0 0.3
398400.0 0.3
398500.0 0.3
398600.0 0.3
398700.0 0.3
398800.0 0.3
398900.0 0.3
399000.0 0.3
399100.0 0.3
399200.0 0.3
399300.0 0.3
399400.0 0.3
399500.0 0.3
399600.0 0.3
399700.0 0.3
399800.0 0.3
399900.0 0.3
400000.0 0.3
400100.0 0.3
400200.0 0.3
400300.0 0.3
400400.0 0.3
400500.0 0.3
400600.0 0.3
400700.0 0.3
400800.0 0.3
400900.0 0.3
401000.0 0.3
401100.0 0.3
401200.0 0.3
401300.0 0.3
401400.0 0.3
401500.0 0.3
401600.0 0.3
401700.0 0.3
401800.0 0.3
401900.0 0.3
402000.0 0.3
402100.0 0.3
402200.0 0.3
402300.0 0.3
402400.0 0.3
402500.0 0.3
402600.0 0.3
402700.0 0.3
402800.0 0.3
402900.0 0.3
403000.0 0.3
403100.0 0.3
403200.0 0.3
403300.0 0.3
403400.0 0.3
403500.0 0.3
403600.0 0.3
403700.0 0.3
403800.0 0.3
403900.0 0.3
404000.0 0.3
404100.0 0.3
404200.0 0.3
404300.0 0.3
404400.0 0.3
404500.0 0.3
404600.0 0.3
404700.0 0.3
404800.0 0.3
404900.0 0.3
405000.0 0.3
405100.0 0.3
405200.0 0.3
405300.0 0.3
405400.0 0.3
405500.0 0.3
405600.0 0.3
405700.0 0.3
405800.0 0.3
405900.0 0.3
406000.0 0.3
406100.0 0.3
406200.0 0.3
406300.0 0.3
406400.0 0.3
406500.0 0.3
406600.0 0.3
406700.0 0.3
406800.0 0.3
406900.0 0.3
407000.0 0.3
407100.0 0.3
407200.0 0.3
407300.0 0.3
407400.0 0.3
407500.0 0.3
407600.0 0.3
407700.0 0.3
407800.0 0.3
407900.0 0.3
408000.0 0.3
408100.0 0.3
408200.0 0.3
408300.0 0.3
408400.0 0.3
408500.0 0.3
408600.0 0.3
408700.0 0.3
408800.0 0.3
408900.0 0.3
409000.0 0.3
409100.0 0.3
409200.0 0.3
409300.0 0.3
409400.0 0.3
409500.0 0.3
409600.0 0.3
409700.0 0.3
409800.0 0.3
409900.0 0.3
410000.0 0.3
410100.0 0.3
410200.0 0.3
410300.0 0.3
410400.0 0.3
410500.0 0.3
410600.0 0.3
410700.0 0.3
410800.0 0.3
410900.0 0.3
411000.0 0.3
411100.0 0.3
411200.0 0.3
411300.0 0.3
411400.0 0.3
411500.0 0.3
411600.0 0.3
411700.0 0.3
411800.0 0.3
411900.0 0.3
412000.0 0.3
412100.0 0.3
412200.0 0.3
412300.0 0.3
412400.0 0.3
412500.0 0.3
412600.0 0.3
412700.0 0.3
412800.0 0.3
412900.0 0.3
413000.0 0.3
413100.0 0.3
413200.0 0.3
413300.0 0.3
413400.0 0.3
413500.0 0.3
413600.0 0.3
413700.0 0.3
413800.0 0.3
413900.0 0.3
414000.0 0.3
414100.0 0.3
414200.0 0.3
414300.0 0.3
414400.0 0.3
414500.0 0.3
414600.0 0.3
414700.0 0.3
414800.0 0.3
414900.0 0.3
415000.0 0.3
415100.0 0.3
415200.0 0.3
415300.0 0.3
415400.0 0.3
415500.0 0.3
415600.0 0.3
415700.0 0.3
415800.0 0.3
415900.0 0.3
416000.0 0.3
416100.0 0.3
416200.0 0.3
416300.0 0.3
416400.0 0.3
416500.0 0.3
416600.0 0.3
416700.0 0.3
416800.0 0.3
416900.0 0.3
417000.0 0.3
417100.0 0.3
417200.0 0.3
417300.0 0.3
417400.0 0.3
417500.0 0.3
417600.0 0.3
417700.0 0.3
417800.0 0.3
417900.0 0.3
418000.0 0.3
418100.0 0.3
418200.0 0.3
418300.0 0.3
418400.0 0.3
418500.0 0.2
418600.0 0.2
418700.0 0.2
418800.0 0.2
418900.0 0.2
419000.0 0.2
419100.0 0.2
419200.0 0.2
419300.0 0.2
419400.0 0.2
419500.0 0.2
419600.0 0.2
419700.0 0.2
419800.0 0.2
419900.0 0.2
420000.0 0.2
420100.0 0.2
420200.0 0.2
420300.0 0.2
420400.0 0.2
420500.0 0.2
420600.0 0.2
420700.0 0.2
420800.0 0.2
420900.0 0.2
421000.0 0.2
421100.0 0.2
421200.0 0.2
421300.0 0.2
421400.0 0.2
421500.0 0.2
421600.0 0.2
421700.0 0.2
421800.0 0.2
421900.0 0.2
422000.0 0.2
422100.0 0.2
422200.0 0.2
422300.0 0.2
422400.0 0.2
422500.0 0.2
422600.0 0.2
422700.0 0.2
422800.0 0.2
422900.0 0.2
423000.0 0.2
423100.0 0.2
423200.0 0.2
423300.0 0.2
423400.0 0.2
423500.0 0.2
423600.0 0.2
423700.0 0.2
423800.0 0.2
423900.0 0.2
424000.0 0.2
424100.0 0.2
424200.0 0.2
424300.0 0.2
424400.0 0.2
424500.0 0.2
424600.0 0.2
424700.0 0.2
424800.0 0.2
424900.0 0.2
425000.0 0.2
425100.0 0.2
425200.0 0.2
425300.0 0.2
425400.0 0.2
425500.0 0.2
425600.0 0.2
425700.0 0.2
425800.0 0.2
425900.0 0.2
426000.0 0.2
426100.0 0.2
426200.0 0.2
426300.0 0.2
426400.0 0.2
426500.0 0.2
426600.0 0.2
426700.0 0.2
426800.0 0.2
426900.0 0.2
427000.0 0.2
427100.0 0.2
427200.0 0.2
427300.0 0.2
427400.0 0.2
427500.0 0.2
427600.0 0.2
427700.0 0.2
427800.0 0.2
427900.0 0.2
428000.0 0.2
428100.0 0.2
428200.0 0.2
428300.0 0.2
428400.0 0.2
428500.0 0.2
428600.0 0.2
428700.0 0.2
428800.0 0.2
428900.0 0.2
429000.0 0.2
429100.0 0.2
429200.0 0.2
429300.0 0.2
429400.0 0.2
429500.0 0.2
429600.0 0.2
429700.0 0.2
429800.0 0.2
429900.0 0.2
430000.0 0.2
430100.0 0.2
430200.0 0.2
430300.0 0.2
430400.0 0.2
430500.0 0.2
430600.0 0.2
430700.0 0.2
430800.0 0.2
430900.0 0.2
431000.0 0.2
431100.0 0.2
431200.0 0.2
431300.0 0.2
431400.0 0.2
431500.0 0.2
431600.0 0.2
431700.0 0.2
431800.0 0.2
431900.0 0.2
432000.0 0.2
432100.0 0.2
432200.0 0.2
432300.0 0.2
432400.0 0.2
432500.0 0.2
432600.0 0.2
432700.0 0.2
432800.0 0.2
432900.0 0.2
433000.0 0.2
433100.0 0.2
433200.0 0.2
433300.0 0.2
433400.0 0.2
433500.0 0.2
433600.0 0.2
433700.0 0.2
433800.0 0.2
433900.0 0.2
434000.0 0.2
434100.0 0.2
434200.0 0.2
434300.0 0.2
434400.0 0.2
434500.0 0.2
434600.0 0.2
434700.0 0.2
434800.0 0.2
434900.0 0.2
435000.0 0.2
435100.0 0.2
435200.0 0.2
435300.0 0.2
435400.0 0.2
435500.0 0.2
435600.0 0.2
435700.0 0.2
435800.0 0.2
435900.0 0.2
436000.0 0.2
436100.0 0.2
436200.0 0.2
436300.0 0.2
436400.0 0.2
436500.0 0.2
436600.0 0.2
436700.0 0.2
436800.0 0.2
436900.0 0.2
437000.0 0.2
437100.0 0.2
437200.0 0.2
437300.0 0.2
437400.0 0.2
437500.0 0.2
437600.0 0.2
437700.0 0.2
437800.0 0.2
437900.0 0.2
438000.0 0.2
438100.0 0.2
438200.0 0.2
438300.0 0.2
438400.0 0.2
438500.0 0.2
438600.0 0.2
438700.0 0.2
438800.0 0.2
438900.0 0.2
439000.0 0.2
439100.0 0.2
439200.0 0.2
439300.0 0.2
439400.0 0.2
439500.0 0.2
439600.0 0.2
439700.0 0.2
439800.0 0.2
439900.0 0.2
440000.0 0.2
440100.0 0.2
440200.0 0.2
440300.0 0.2
440400.0 0.2
440500.0 0.2
440600.0 0.2
440700.0 0.2
440800.0 0.2
440900.0 0.2
441000.0 0.2
441100.0 0.2
441200.0 0.2
441300.0 0.2
441400.0 0.2
441500.0 0.2
441600.0 0.2
441700.0 0.2
441800.0 0.2
441900.0 0.2
442000.0 0.2
442100.0 0.2
442200.0 0.2
442300.0 0.2
442400.0 0.2
442500.0 0.2
442600.0 0.2
442700.0 0.2
442800.0 0.2
442900.0 0.2
443000.0 0.2
443100.0 0.2
443200.0 0.2
443300.0 0.2
443400.0 0.2
443500.0 0.2
443600.0 0.2
443700.0 0.2
443800.0 0.2
443900.0 0.2
444000.0 0.2
444100.0 0.2
444200.0 0.2
444300.0 0.2
444400.0 0.2
444500.0 0.2
444600.0 0.2
444700.0 0.2
444800.0 0.2
444900.0 0.2
445000.0 0.2
445100.0 0.2
445200.0 0.2
445300.0 0.2
445400.0 0.2
445500.0 0.2
445600.0 0.2
445700.0 0.2
445800.0 0.2
445900.0 0.2
446000.0 0.2
446100.0 0.2
446200.0 0.2
446300.0 0.2
446400.0 0.2
446500.0 0.2
446600.0 0.2
446700.0 0.2
446800.0 0.2
446900.0 0.2
447000.0 0.2
447100.0 0.2
447200.0 0.2
447300.0 0.2
447400.0 0.2
447500.0 0.2
447600.0 0.2
447700.0 0.2
447800.0 0.2
447900.0 0.2
448000.0 0.2
448100.0 0.2
448200.0 0.2
448300.0 0.2
448400.0 0.2
448500.0 0.2
448600.0 0.2
448700.0 0.2
448800.0 0.2
448900.0 0.2
449000.0 0.2
449100.0 0.2
449200.0 0.2
449300.0 0.2
449400.0 0.2
449500.0 0.2
449600.0 0.2
449700.0 0.2
449800.0 0.2
449900.0 0.2
450000.0 0.2
450100.0 0.2
450200.0 0.2
450300.0 0.2
450400.0 0.2
450500.0 0.2
450600.0 0.2
450700.0 0.2
450800.0 0.2
450900.0 0.2
451000.0 0.2
451100.0 0.2
451200.0 0.2
451300.0 0.2
451400.0 0.2
451500.0 0.2
451600.0 0.2
451700.0 0.2
451800.0 0.2
451900.0 0.2
452000.0 0.2
452100.0 0.2
452200.0 0.2
452300.0 0.2
452400.0 0.2
452500.0 0.2
452600.0 0.2
452700.0 0.2
452800.0 0.2
452900.0 0.2
453000.0 0.2
453100.0 0.2
453200.0 0.2
453300.0 0.2
453400.0 0.2
453500.0 0.2
453600.0 0.2
453700.0 0.2
453800.0 0.2
453900.0 0.2
454000.0 0.2
454100.0 0.2
454200.0 0.2
454300.0 0.2
454400.0 0.2
454500.0 0.2
454600.0 0.2
454700.0 0.2
454800.0 0.2
454900.0 0.2
455000.0 0.2
455100.0 0.2
455200.0 0.2
455300.0 0.2
455400.0 0.2
455500.0 0.2
455600.0 0.2
455700.0 0.2
455800.0 0.2
455900.0 0.2
456000.0 0.2
456100.0 0.2
456200.0 0.2
456300.0 0.2
456400.0 0.2
456500.0 0.2
456600.0 0.2
456700.0 0.2
456800.0 0.2
456900.0 0.2
457000.0 0.2
457100.0 0.2
457200.0 0.2
457300.0 0.2
457400.0 0.2
457500.0 0.2
457600.0 0.2
457700.0 0.2
457800.0 0.2
457900.0 0.2
458000.0 0.2
458100.0 0.2
458200.0 0.2
458300.0 0.2
458400.0 0.2
458500.0 0.2
458600.0 0.2
458700.0 0.2
458800.0 0.2
458900.0 0.2
459000.0 0.2
459100.0 0.2
459200.0 0.2
459300.0 0.2
459400.0 0.2
459500.0 0.2
459600.0 0.2
459700.0 0.2
459800.0 0.2
459900.0 0.2
460000.0 0.2
460100.0 0.2
460200.0 0.2
460300.0 0.2
460400.0 0.2
460500.0 0.2
460600.0 0.2
460700.0 0.2
460800.0 0.2
460900.0 0.2
461000.0 0.2
461100.0 0.2
461200.0 0.2
461300.0 0.2
461400.0 0.2
461500.0 0.2
461600.0 0.2
461700.0 0.2
461800.0 0.2
461900.0 0.2
462000.0 0.2
462100.0 0.2
462200.0 0.2
462300.0 0.2
462400.0 0.2
462500.0 0.2
462600.0 0.2
462700.0 0.2
462800.0 0.2
462900.0 0.2
463000.0 0.2
463100.0 0.2
463200.0 0.2
463300.0 0.2
463400.0 0.2
463500.0 0.2
463600.0 0.2
463700.0 0.2
463800.0 0.2
463900.0 0.2
464000.0 0.2
464100.0 0.2
464200.0 0.2
464300.0 0.2
464400.0 0.2
464500.0 0.2
464600.0 0.2
464700.0 0.2
464800.0 0.2
464900.0 0.2
465000.0 0.2
465100.0 0.2
465200.0 0.2
465300.0 0.2
465400.0 0.2
465500.0 0.2
465600.0 0.2
465700.0 0.2
465800.0 0.2
465900.0 0.2
466000.0 0.2
466100.0 0.2
466200.0 0.2
466300.0 0.2
466400.0 0.2
466500.0 0.2
466600.0 0.2
466700.0 0.2
466800.0 0.2
466900.0 0.2
467000.0 0.2
467100.0 0.2
467200.0 0.2
467300.0 0.2
467400.0 0.2
467500.0 0.2
467600.0 0.2
467700.0 0.2
467800.0 0.2
467900.0 0.2
468000.0 0.2
468100.0 0.2
468200.0 0.2
468300.0 0.2
468400.0 0.2
468500.0 0.2
468600.0 0.2
468700.0 0.2
468800.0 0.2
468900.0 0.2
469000.0 0.2
469100.0 0.2
469200.0 0.2
469300.0 0.2
469400.0 0.2
469500.0 0.2
469600.0 0.2
469700.0 0.2
469800.0 0.2
469900.0 0.2
470000.0 0.2
470100.0 0.2
470200.0 0.2
470300.0 0.2
470400.0 0.2
470500.0 0.2
470600.0 0.2
470700.0 0.2
470800.0 0.2
470900.0 0.2
471000.0 0.2
471100.0 0.2
471200.0 0.2
471300.0 0.2
471400.0 0.2
471500.0 0.2
471600.0 0.2
471700.0 0.2
471800.0 0.2
471900.0 0.2
472000.0 0.2
472100.0 0.2
472200.0 0.2
472300.0 0.2
472400.0 0.2
472500.0 0.2
472600.0 0.2
472700.0 0.2
472800.0 0.2
472900.0 0.2
473000.0 0.2
473100.0 0.2
473200.0 0.2
473300.0 0.2
473400.0 0.2
473500.0 0.2
473600.0 0.2
473700.0 0.2
473800.0 0.2
473900.0 0.2
474000.0 0.2
474100.0 0.2
474200.0 0.2
474300.0 0.2
474400.0 0.2
474500.0 0.2
474600.0 0.2
474700.0 0.2
474800.0 0.2
474900.0 0.2
475000.0 0.2
475100.0 0.2
475200.0 0.2
475300.0 0.2
475400.0 0.2
475500.0 0.2
475600.0 0.2
475700.0 0.2
475800.0 0.2
475900.0 0.2
476000.0 0.2
476100.0 0.2
476200.0 0.2
476300.0 0.2
476400.0 0.2
476500.0 0.2
476600.0 0.2
476700.0 0.2
476800.0 0.2
476900.0 0.2
477000.0 0.2
477100.0 0.2
477200.0 0.2
477300.0 0.2
477400.0 0.2
477500.0 0.2
477600.0 0.2
477700.0 0.2
477800.0 0.2
477900.0 0.2
478000.0 0.2
478100.0 0.2
478200.0 0.2
478300.0 0.2
478400.0 0.2
478500.0 0.2
478600.0 0.2
478700.0 0.2
478800.0 0.2
478900.0 0.2
479000.0 0.2
479100.0 0.2
479200.0 0.2
479300.0 0.2
479400.0 0.2
479500.0 0.2
479600.0 0.2
479700.0 0.2
479800.0 0.2
479900.0 0.2
480000.0 0.2
480100.0 0.2
480200.0 0.2
480300.0 0.2
480400.0 0.2
480500.0 0.2
480600.0 0.2
480700.0 0.2
480800.0 0.2
480900.0 0.2
481000.0 0.2
481100.0 0.2
481200.0 0.2
481300.0 0.2
481400.0 0.2
481500.0 0.2
481600.0 0.2
481700.0 0.2
481800.0 0.2
481900.0 0.2
482000.0 0.2
482100.0 0.2
482200.0 0.2
482300.0 0.2
482400.0 0.2
482500.0 0.2
482600.0 0.2
482700.0 0.2
482800.0 0.2
482900.0 0.2
483000.0 0.2
483100.0 0.2
483200.0 0.2
483300.0 0.2
483400.0 0.2
483500.0 0.2
483600.0 0.2
483700.0 0.2
483800.0 0.2
483900.0 0.2
484000.0 0.2
484100.0 0.2
484200.0 0.2
484300.0 0.2
484400.0 0.2
484500.0 0.2
484600.0 0.2
484700.0 0.2
484800.0 0.2
484900.0 0.2
485000.0 0.2
485100.0 0.2
485200.0 0.2
485300.0 0.2
485400.0 0.2
485500.0 0.2
485600.0 0.2
485700.0 0.2
485800.0 0.2
485900.0 0.2
486000.0 0.2
486100.0 0.2
486200.0 0.2
486300.0 0.2
486400.0 0.2
486500.0 0.2
486600.0 0.2
486700.0 0.2
486800.0 0.2
486900.0 0.2
487000.0 0.2
487100.0 0.2
487200.0 0.2
487300.0 0.2
487400.0 0.2
487500.0 0.2
487600.0 0.2
487700.0 0.2
487800.0 0.2
487900.0 0.2
488000.0 0.2
488100.0 0.2
488200.0 0.2
488300.0 0.2
488400.0 0.2
488500.0 0.2
488600.0 0.2
488700.0 0.2
488800.0 0.2
488900.0 0.2
489000.0 0.2
489100.0 0.2
489200.0 0.2
489300.0 0.2
489400.0 0.2
489500.0 0.2
489600.0 0.2
489700.0 0.2
489800.0 0.2
489900.0 0.2
490000.0 0.2
490100.0 0.2
490200.0 0.2
490300.0 0.2
490400.0 0.2
490500.0 0.2
490600.0 0.2
490700.0 0.2
490800.0 0.2
490900.0 0.2
491000.0 0.2
491100.0 0.2
491200.0 0.2
491300.0 0.2
491400.0 0.2
491500.0 0.2
491600.0 0.2
491700.0 0.2
491800.0 0.2
491900.0 0.2
492000.0 0.2
492100.0 0.2
492200.0 0.2
492300.0 0.2
492400.0 0.2
492500.0 0.2
492600.0 0.2
492700.0 0.2
492800.0 0.2
492900.0 0.2
493000.0 0.2
493100.0 0.2
493200.0 0.2
493300.0 0.2
493400.0 0.2
493500.0 0.2
493600.0 0.2
493700.0 0.2
493800.0 0.2
493900.0 0.2
494000.0 0.2
494100.0 0.2
494200.0 0.2
494300.0 0.2
494400.0 0.2
494500.0 0.2
494600.0 0.2
494700.0 0.2
494800.0 0.2
494900.0 0.2
495000.0 0.2
495100.0 0.2
495200.0 0.2
495300.0 0.2
495400.0 0.2
495500.0 0.2
495600.0 0.2
495700.0 0.2
495800.0 0.2
495900.0 0.2
496000.0 0.2
496100.0 0.2
496200.0 0.2
496300.0 0.2
496400.0 0.2
496500.0 0.2
496600.0 0.2
496700.0 0.2
496800.0 0.2
496900.0 0.2
497000.0 0.2
497100.0 0.2
497200.0 0.2
497300.0 0.2
497400.0 0.2
497500.0 0.2
497600.0 0.2
497700.0 0.2
497800.0 0.2
497900.0 0.2
498000.0 0.2
498100.0 0.2
498200.0 0.2
498300.0 0.2
498400.0 0.2
498500.0 0.2
498600.0 0.2
498700.0 0.2
498800.0 0.2
498900.0 0.2
499000.0 0.2
499100.0 0.2
499200.0 0.2
499300.0 0.2
499400.0 0.2
499500.0 0.2
499600.0 0.2
499700.0 0.2
499800.0 0.2
499900.0 0.2
500000.0 0.2
